2.813950763360261220e+01 9.997086826151472039e+00 -1.504764139130623790e-01 9.999938258587335455e-03 1.267357069713716429e-02 5.755144991293058787e+00 -9.123031392420742902e-01 2.512980255073322233e+00 5.127275279514680051e+01
2.710369484297314457e+01 9.331289066182035796e+00 1.420532337122704658e-01 2.741553119277189180e-05 1.276813652493763614e-02 2.398580413464535876e+00 6.992123271304655496e-01 9.681848250965889857e-01 4.894814114187207821e+01
2.746491536981259785e+01 3.506823682774156570e+00 1.614067328431190163e-01 9.326132646483208111e-03 1.243390034059164810e-02 1.891026635532414790e+00 -6.129455175424535218e-01 1.463226914495920461e+00 6.347072097031684734e+01
2.750883185010000176e+01 9.921059137074802692e+00 -4.500431685162151751e-01 9.908566149482968266e-03 1.268801497465559674e-02 7.075929219780179302e-01 -2.042247377105623762e-01 1.244976087323676373e+00 4.054934402658280135e+01
2.924701261014556408e+01 4.696992540752173539e+00 2.950643849945890906e-01 5.250546683309127195e-03 1.256775208424390326e-02 2.874263306374161164e+00 9.677754257730635246e-01 5.919273746665387748e-01 4.456940737146024389e+01
2.559402758453757087e+01 8.230609887599813490e+00 -1.282665577678095969e-01 8.218518437934212509e-03 1.263867541310447276e-02 1.817767352516576507e+00 -4.317764895809523829e-01 2.390712969211122196e+00 4.990066409671720038e+01
2.708649075069428136e+01 9.008000577748871862e+00 -1.953655965784077964e-01 9.991073918249281788e-03 1.231017201330453052e-02 3.292733872500002601e+00 1.206351699738463790e-01 2.491644513300863562e+00 5.123872522047982869e+01
2.689520326894003333e+01 3.252565783799222121e+00 -6.252035060298803959e-01 8.737904509370453211e-05 1.224273509717350474e-02 2.836148327018031434e+00 1.410637218821808592e-01 1.795521143220465632e+00 6.082917745281385891e+01
2.762271234461317349e+01 4.441899282031164908e+00 -8.662167462184443278e-02 6.990701443486154257e-03 1.250828771202420336e-02 4.484020149121335841e+00 6.867799540872159270e-01 1.258011221667995283e+00 5.863878704189301772e+01
2.569540794407085471e+01 4.980825773022626635e+00 -3.975409248757479086e-02 9.999729846861881571e-03 1.218552117347466296e-02 2.428325977693284177e+00 5.364542794642002121e-02 1.658781805616502236e+00 3.962517298441493097e+01
2.730726383704568505e+01 9.417091083709934196e+00 1.857411396791611158e-01 3.777825547710790197e-03 1.270998801789711453e-02 1.576666300882576977e+00 -8.497113269210944120e-01 1.988001593047444615e+00 4.669704342342285486e+01
2.568805978244288823e+01 3.102955411176258060e+00 -2.285909198132935749e-01 8.186182146160276771e-03 1.250171755681899963e-02 3.944914318771908679e+00 -1.068976016216520053e+00 1.137051005560919315e+00 5.057071157471027334e+01
2.844292085658645064e+01 5.906163120384568366e+00 -1.190368846278526127e-01 4.332138751621897668e-03 1.252157822537224539e-02 2.280196652669264523e+00 8.193459073236426526e-01 2.691812266226425443e+00 4.469793588167758713e+01
2.763462516674779579e+01 1.098179770248524534e+00 -8.976403758692438895e-02 1.381685813568948439e-04 1.246528079648678844e-02 1.832867904193516306e+00 5.988774939023882027e-01 1.609822579558439992e+00 7.447918186457245326e+01
2.749011134977964943e+01 4.926935905896182355e+00 2.720363337662480285e-01 6.251821981560507641e-05 1.276457621138582348e-02 2.306211693838037924e+00 2.303124357547099432e-01 1.419278742546275396e+00 6.251752049527174648e+01
2.847841005002935688e+01 8.758259586441077715e+00 -2.056084398281609049e-01 2.307130374980640732e-04 1.247978439828818786e-02 2.737894900785701857e+00 4.962665668463324131e-01 9.427151975761617342e-01 5.244108901918735910e+01
2.815208796613354636e+01 8.243485598231107048e+00 -2.256405276881745525e-01 1.289367435759812379e-04 1.256629869839546304e-02 1.959808151268155108e+00 -2.108554638988777707e-01 9.235994558324535086e-01 5.587915015664165708e+01
2.780556606115715113e+01 3.846885798294768399e+00 3.282573053308115996e-01 2.288894677691119019e-03 1.266314205565200433e-02 2.132902594543669927e+00 -1.095189284851942890e-01 2.083339140534192779e+00 4.297923600198737404e+01
2.729822465172495072e+01 3.969621626697080963e+00 1.208142077008021176e-01 9.010907356029483964e-03 1.296088856590158454e-02 5.079061892164330239e+00 -1.143183319799623954e+00 5.030590529555222234e-01 4.541093353460732374e+01
2.761934053585996551e+01 1.741260231058226138e+00 3.959548492431723687e-01 3.046567812167133918e-03 1.239120774424588324e-02 2.431262561480378004e+00 -4.805195253341096873e-01 1.533526942856320519e+00 5.560193437024499019e+01
2.916468441475448614e+01 8.119249830970558079e+00 3.556226847486297360e-01 5.121637371803686861e-03 1.231935333994573466e-02 3.912905009010903434e+00 -6.514905199435151451e-01 6.973191478085680184e-02 5.445519919687749422e+01
2.838838027311010848e+01 1.835975347797689894e+00 7.712979357969961848e-03 3.301983860518882367e-04 1.228624328894121175e-02 4.811997213959997133e+00 1.367034405191613899e-02 3.020061510889012979e+00 4.834775254355212581e+01
2.737760385378123473e+01 7.903463094906142850e+00 -3.358918091481623569e-01 3.812549263717293375e-03 1.225471557872752706e-02 2.255655596453777445e+00 7.967054488790488165e-01 1.926767432475667619e+00 4.379564236132408439e+01
2.606902193024372139e+01 5.553065032251049971e+00 3.444788969346878477e-02 9.995575941085844268e-03 1.209154421091985197e-02 5.767019738065850554e+00 -6.541434030605156602e-01 4.285582327553779658e-01 4.854961585177911587e+01
2.619495917270804242e+01 9.058538256580037640e+00 3.197998404455743016e-01 9.999870172879031516e-03 1.281980927367125898e-02 2.506637235625232552e-01 -7.799677907955437917e-02 1.793071880480092917e+00 5.745639486640882154e+01
2.952465631175667227e+01 1.005390417505195977e+00 3.000057421503585231e-01 1.663228974821507824e-05 1.209703983510341391e-02 4.563639805876228195e+00 1.291533590340312010e+00 1.279884422335182848e+00 5.027898514268834163e+01
2.689533000347238456e+01 8.889716089143240296e+00 -3.512350806294334271e-01 4.747959813034674688e-03 1.245853999389715493e-02 3.021494647446232751e+00 -1.130803428778841768e+00 1.633971841803865566e+00 4.728240867151121307e+01
2.720328442540098379e+01 9.909087090708016632e+00 -1.302585541017942106e-01 6.052440116946629541e-03 1.256951845176832068e-02 1.431124427753671435e+00 1.088001202038126891e-01 1.336994786688329606e+00 4.623992436828846309e+01
2.654920131699992325e+01 9.739423447265719957e+00 8.596120493313290367e-02 9.999730583745220641e-03 1.270937697842527102e-02 2.706958927139203386e+00 5.681326765501277798e-01 1.192743374964854164e+00 4.470643532161445677e+01
2.785347486050210719e+01 1.054557522148627635e+00 1.034164459229385546e-01 1.703044144498090271e-05 1.275689703192205322e-02 4.390731455631427416e+00 -5.719367900898046919e-01 6.152954155393333124e-01 4.457497586466418227e+01
2.623360388294227263e+01 6.087775690091407732e+00 4.511716704725913241e-01 9.997633512034049402e-03 1.288353813341896331e-02 6.212728670120598595e-01 -8.536515258882296786e-01 2.311654804816593689e+00 4.684298955919548035e+01
2.919196278054471705e+01 7.348415482296529078e+00 -3.435384977897897874e-01 6.030965751968454629e-03 1.243471898334341449e-02 4.531609782776796713e+00 -3.620775835759193484e-02 1.155663366374817258e+00 6.236067796295012755e+01
2.711618452932717105e+01 9.991288222407636255e+00 -2.303161085195869762e-01 9.987899724765993484e-03 1.228729936345863104e-02 1.951518260095817414e+00 4.023633869398250962e-01 6.231240989188610024e-01 4.848498994416888053e+01
2.918939473849695077e+01 6.273271799253142156e+00 -6.335690005321949203e-02 4.124197920954654137e-03 1.211173276228933934e-02 3.436711806125356095e+00 5.821010146432747945e-01 1.735021244872770430e+00 5.787334295196338729e+01
2.660026670423168582e+01 2.073526881842857605e+00 2.167190358008738715e-01 2.283872428520566955e-04 1.262424559922904407e-02 2.047880820406489999e+00 3.674255083884936379e-01 1.757720815779018286e+00 4.461250817467027474e+01
2.748441574036994695e+01 8.642499852105602898e+00 2.510702601484671725e-01 9.999436683876147119e-03 1.235530378571016684e-02 4.614556713983660963e+00 6.381845985480572025e-01 1.317922096690614442e+00 4.667271216791869648e+01
2.853033937692849875e+01 7.268250092969585019e+00 -1.294027468767246780e-01 9.997578833693166606e-03 1.263573248551025895e-02 3.802704367578380040e+00 5.224230171345527474e-01 1.168969446061174144e+00 5.743120724582920644e+01
2.858389767275200910e+01 9.892926795891419545e+00 3.686262520706898860e-01 8.405191816450909709e-03 1.279433584536207938e-02 3.424991883540514870e+00 -2.110007374371962729e-01 2.866848687166796417e+00 5.575112419214040926e+01
2.647638684503156270e+01 9.968399987060271528e+00 7.595619812262470461e-02 9.998647584462555873e-03 1.277498891288674464e-02 3.117265111901237340e+00 1.320854107374991315e-02 1.915692353143445770e+00 4.986733481483025798e+01
2.560994281630990344e+01 3.608840223724143481e+00 4.280807613846291694e-03 9.987004120685458869e-03 1.260975437562716038e-02 1.750502972986391903e+00 8.283835153301346566e-01 2.020316992032101577e+00 4.643127250110201487e+01
2.929888974654264899e+01 8.035137346392607682e+00 2.033121634237352315e-01 9.991525272154055601e-03 1.255389739842866469e-02 3.168287621662973841e+00 -4.756730074558552790e-01 4.803288130767898179e-01 4.760409723786865754e+01
2.847704208609359000e+01 5.186193629185670950e+00 1.981081258114911758e-01 9.997970275679474161e-03 1.227889713967780100e-02 5.346606108363543441e+00 -1.440645882983626613e-01 4.653593902396863102e-01 4.435449047092419050e+01
2.637128383430163225e+01 6.411926141212744845e+00 -1.846743244815718943e-01 8.062082850743671619e-03 1.246511264988588684e-02 1.532986868206520192e+00 -9.693174999679752268e-01 1.991902067579633728e+00 5.263922730153177554e+01
2.630001127321250465e+01 6.572195177982492531e+00 2.268548210962504502e-02 4.563537630773304354e-04 1.280922005932857120e-02 3.066876569411024267e+00 1.527126157383245086e+00 2.150032722199579194e+00 5.170033587686322818e+01
2.680814811996989278e+01 2.508859978647353994e+00 4.945378970385953116e-02 2.195925044643439166e-03 1.246759834552384032e-02 1.468152806081228112e+00 1.118949131136452557e+00 9.411098979262148001e-01 5.439876870691572464e+01
2.874362586567235667e+01 8.969879388854046454e+00 3.982713191359415483e-01 6.768335007389179869e-03 1.230141435677203389e-02 1.397239469938501788e+00 1.733108500320403866e-01 2.161302828327837489e+00 4.183402946721112414e+01
2.689742438193909635e+01 7.449954681542194201e+00 -1.617688763625119430e-01 6.227825994294398969e-05 1.217089475798108743e-02 5.060185328517667003e+00 -8.241632234364110188e-01 2.705715753698929138e+00 5.196693556403783987e+01
2.866151867276650478e+01 1.253778045984769385e+00 -1.007502954173425738e-02 4.618586449931040062e-05 1.221264961503612696e-02 4.786909546920298797e-01 8.909214949498345248e-02 1.157727432083465846e+00 4.569395006456754516e+01
2.642351138881242889e+01 5.500623298504352832e+00 1.784150803878803704e-01 1.299850843344448601e-04 1.222775674748924693e-02 2.337662579007170560e+00 -9.405294266441017736e-01 1.834819429459841666e+00 5.168244040005279771e+01
2.587448870728952244e+01 8.979372907793235825e+00 1.561382189408488941e-01 9.998773007590147990e-03 1.247190875542198221e-02 3.309574878268427778e+00 -1.440353060330448631e+00 1.994055581474532435e+00 4.542237504425121841e+01
2.669545084261371670e+01 5.163709059267593382e+00 -8.760854116410597518e-04 3.355054465152033320e-03 1.285569884139716075e-02 4.146838029743119769e+00 6.575043074792432662e-01 2.046189825463666345e+00 4.910357485357278051e+01
2.868449494250183918e+01 9.911410245367898497e+00 7.212415697146100368e-02 9.978806537945653088e-03 1.237528594652309057e-02 1.754882487972795113e+00 -3.760055572947673674e-01 1.125052013404268747e+00 5.063917624504290416e+01
2.789340787562165147e+01 7.081065944321318639e+00 -5.080291807082362165e-01 2.014767390799088610e-03 1.255802291488861307e-02 3.435282991047545753e+00 6.639732086375276232e-01 2.512983478658336267e+00 4.552277058083352301e+01
2.737728583316273756e+01 2.929913295793635797e+00 -3.200098625526893170e-01 1.495016520059974955e-04 1.229013772589764367e-02 4.722002951432859419e+00 3.213285322303853775e-01 2.526485157584476671e+00 5.550645890266822136e+01
2.779289189804498150e+01 1.019137673694045176e+00 -6.835752391412611151e-03 3.184453389605987296e-04 1.240136491184389185e-02 3.988428204061645665e+00 6.194197289858709432e-01 2.020277987280479692e+00 4.821672551747274582e+01
2.849088298980896994e+01 8.495481061589558180e+00 -3.423105100819835434e-01 9.872029131358707812e-03 1.245402071057642723e-02 1.405514512705258401e+00 6.028837485364788584e-01 2.841088800036631667e+00 5.121615583679131589e+01
2.887790043756157843e+01 9.805763378303829825e+00 4.111407744490045979e-01 9.998203337804347640e-03 1.252251284291836311e-02 9.498946808736983272e-01 5.429782069256896548e-01 1.840766277398754758e+00 5.981897316946342613e+01
2.740088976817143873e+01 3.739800127965655641e+00 3.612621402241678048e-02 8.685934588336247097e-03 1.263758081490698806e-02 2.061012925332832424e+00 3.944742787378245907e-01 2.573026028880111227e+00 6.085504179063003960e+01
2.881644375767190169e+01 9.984072949338091973e+00 4.808694900681021595e-02 9.998172550939998099e-03 1.276391865329102801e-02 1.265445017293984620e+00 8.187547711361529146e-01 2.050080970720686846e+00 5.611664660066955435e+01
2.822225747214481117e+01 6.129802395058488784e+00 3.020395191105780877e-02 8.440803840368944766e-03 1.249258336295447011e-02 6.007332742817286686e+00 2.680353579047847212e-01 1.003320567067790048e+00 4.867378446504363154e+01
2.872160006658990028e+01 4.987986003656155631e+00 7.012984929991010474e-02 5.145656228803803349e-03 1.243616761387242482e-02 4.821071991069417528e+00 9.988804825856130165e-01 2.328833486371760131e+00 4.601553864602125543e+01
2.809560271496526696e+01 4.921669999970611720e+00 -1.154191439459817808e-01 8.999603496896517105e-03 1.227282742491362863e-02 4.557013621244074386e+00 7.127682722112993474e-01 1.029180797999156516e+00 5.065113307128226694e+01
2.853080452651913035e+01 3.376471999797610923e+00 2.628977658582984378e-01 8.382688150752784506e-03 1.264315408393821595e-02 4.823679144076550962e+00 -6.458240116365616679e-01 1.177480853803875016e+00 4.874345171991024017e+01
2.673227646349704401e+01 3.707238344021267284e+00 2.633743612186972283e-01 3.030338074749797540e-03 1.248910971874186808e-02 4.069532607556942239e+00 -6.102801904177729275e-01 1.977409768106594745e+00 5.301767124028565803e+01
2.565617556174016656e+01 7.793712195182137314e+00 2.420183582115042753e-01 1.078960597442708759e-04 1.233006655099158112e-02 2.708819498155882410e+00 5.158722569935210167e-01 1.645588833656685512e+00 5.238927084683589186e+01
2.593265048086322011e+01 5.470329872340935928e+00 -1.036796083901583426e-01 9.987412625169294136e-03 1.223710278955550575e-02 4.570322030728693363e+00 1.325422716337529394e+00 2.863273076228934677e+00 5.105948445760543564e+01
2.612485210440546268e+01 1.076201356889697536e+00 1.180782011823795358e-01 2.343452120288914129e-04 1.261806317527757598e-02 4.458484742881574370e+00 2.780719966284026512e-01 5.324451415528284048e-01 5.339174679329111939e+01
2.626263027626962909e+01 6.049257735478837716e+00 1.876609101892033615e-01 9.993427260268184648e-03 1.236793053201368925e-02 3.999280126734881868e+00 -1.991597593894600671e-01 1.285465956929175091e+00 5.357798322328244467e+01
2.708853702234334193e+01 9.002188021491335235e+00 -3.754158886294862718e-01 6.926394391206847946e-03 1.278258327834804441e-02 4.188069130793558692e+00 -1.279823467906142653e+00 1.805251824191727694e+00 5.719150274933490152e+01
2.801666760829661484e+01 9.591280716916761762e+00 -1.306978494507912980e-01 9.849904949351012337e-03 1.261138205844686971e-02 2.346438295018759668e+00 1.461253757175371426e-01 8.864119613452824398e-01 5.406260422509041774e+01
2.830313339628908409e+01 4.679470494408103143e+00 -3.513952954360473058e-01 9.999761144680012134e-03 1.262486174592171613e-02 2.866782578729208719e+00 -2.937997988794194271e-01 1.440162123021758944e+00 5.680969808940793797e+01
2.741346874452835181e+01 1.204754683589982500e+00 1.027581827056989611e-01 1.681830569974975410e-04 1.239657196950975579e-02 1.147689786251806288e+00 -1.575265927276765510e-01 7.923556617796616575e-01 4.349792335371166274e+01
2.884441756418794967e+01 1.233143739438972153e+00 -7.306684707336687234e-02 8.186144381467936465e-03 1.256227083221475756e-02 1.216085453475886036e+00 -9.214802733146766345e-01 2.121092242888249935e+00 5.101710878241438252e+01
2.787739327421991575e+01 1.001363329964029880e+00 9.924963355534976994e-02 1.683838195358040781e-05 1.265949011828628075e-02 3.730734745186612855e+00 -1.929188378225674683e-01 1.061253084686842874e+00 5.258101525119718644e+01
2.873409906266526903e+01 9.903657664036991548e+00 1.170193324034605603e-01 4.560150850650280911e-03 1.233405583505775213e-02 5.235578995087339038e+00 -7.694397965914957505e-01 1.582102030079292287e+00 4.896308623401115767e+01
2.786888401527241044e+01 5.495312320110766535e+00 -3.876693495884852014e-01 9.999910028032819864e-03 1.264631568409188209e-02 2.390348783120374243e+00 -3.536035952455698350e-01 8.005863486449266153e-01 4.969720182390433649e+01
2.794081976900099917e+01 5.432435848570779768e+00 1.538500621260320000e-01 8.211793202776759956e-05 1.239329956740610299e-02 2.626136493528192783e+00 -5.140198688038739583e-01 6.582154987304689175e-01 5.317676934471852945e+01
2.774724806133351862e+01 1.127946987677425295e+00 1.950954766800328255e-01 1.919301812770414875e-04 1.233023364898526084e-02 1.060406101582912930e+00 3.626782232751368795e-03 1.368195799691289238e+00 4.706353442925584574e+01
2.744086844697734406e+01 6.720846741527815915e+00 1.080556628292878574e-01 7.149487334167817058e-03 1.275650501283192954e-02 4.152335175278665247e+00 -2.206306033945846234e-01 2.268678281583219825e+00 4.984603190169649167e+01
2.937727055191444236e+01 6.137678143046851886e+00 1.770040472942260856e-01 1.549658167759447483e-04 1.255654579701544378e-02 2.491489967198666555e+00 -9.902945634711503020e-01 2.430874763319743170e+00 5.065911223508853567e+01
2.734815071516755225e+01 6.022651773688932231e+00 1.359019814701769580e-01 9.999632413733626837e-03 1.222545264440470618e-02 1.698520014340904938e+00 -1.084284044514089995e-01 1.276124436708132581e+00 5.171376687588258392e+01
2.684314855247542297e+01 7.343419382123814287e+00 -3.422797805030929341e-01 8.644469177540281199e-03 1.281639439072489173e-02 2.065214469923768448e+00 -3.244405484580115129e-01 1.554036147060557371e-01 3.932575411354709161e+01
2.749474882193369396e+01 3.908982786845431434e+00 -2.316029075766756762e-01 5.085379926606284871e-05 1.260121401235551365e-02 3.627908797529168616e+00 -3.312247429711683289e-01 1.566179091917260902e+00 4.949966716641454667e+01
2.678468756463533751e+01 3.215741107251760766e+00 -1.201790318907483557e-01 1.005028462092256509e-04 1.282301460561154072e-02 2.007087418305096627e+00 7.993458523159175932e-01 2.824032132988097743e+00 5.161751237987498087e+01
2.604737632413247184e+01 6.381110494490406460e+00 4.995388974180616642e-02 7.261706028985018962e-04 1.241618599475475572e-02 2.906342411439470474e+00 -2.221857079486309061e-01 9.823172649901805720e-01 5.442518211659825056e+01
2.692344050856457471e+01 5.364582887849215886e+00 1.006039349578040781e-01 8.743130562364027035e-05 1.218855022146173028e-02 5.126980119896000332e+00 6.314770018152753295e-01 2.242359321700200692e+00 4.964223926264062925e+01
2.577436404186630625e+01 9.480436192003599771e+00 6.384336917089976360e-02 9.167866260512637713e-03 1.297513641005584514e-02 5.232576495428444829e+00 5.756368332477723726e-03 1.003528533081343044e+00 4.778318684387089377e+01
2.704844452239818153e+01 3.978506152149818842e+00 2.356759237246064675e-01 1.601048505897016434e-04 1.236623642088073051e-02 2.949158580662854856e+00 -4.116919589309753214e-01 3.594344370599277250e-01 5.767252243974648707e+01
2.813811653889873199e+01 6.748507987675727016e+00 -1.744261870755423882e-01 7.322307054427310002e-03 1.285384145049626309e-02 3.287237835443126421e+00 9.983961034329023043e-01 2.621087120597712872e+00 5.111193954570543241e+01
2.722309362836539393e+01 4.482929330741744600e+00 3.901919788982640136e-01 8.341504648874677153e-05 1.217821518174054714e-02 5.499349950821571298e+00 7.680286767213493349e-01 6.852952139451446989e-01 5.771791555594860768e+01
2.581797216968023534e+01 1.007774295932057473e+00 8.462363023312366450e-03 1.749131115855371806e-04 1.241610297206051892e-02 4.579732507729642244e+00 1.348259378214651250e-01 1.396568318823838251e+00 5.822971321147467449e+01
2.699489463961049296e+01 9.941405386814970768e+00 -8.793731685751086935e-02 9.993897390842231693e-03 1.249812954554387762e-02 3.379145307458362169e+00 7.573217674979648706e-02 1.073736290317056197e+00 4.712362961386305216e+01
2.906462556783825235e+01 8.725837058468618679e+00 -3.435571585397014793e-01 9.993253532251658230e-03 1.201930042363163510e-02 2.422017172348081449e+00 -1.325082644859037595e+00 3.110860149328556479e-02 4.612756127014613128e+01
2.765061367272480197e+01 8.734881975217781758e+00 -5.821882894434021044e-02 9.999953187472945815e-03 1.254429076408350961e-02 2.365858037103499623e+00 -1.470853054048197439e+00 1.954769088383918829e+00 5.417138133959305435e+01
2.650336431017803918e+01 9.100129905744548608e+00 -4.283283067481313128e-02 6.278844764687120487e-03 1.248061140640334930e-02 5.285568584414121140e+00 -4.592682597677444356e-02 5.385900526967193347e-01 5.037645526832751131e+01
2.595547325266135275e+01 1.086012480085112308e+00 -4.015690651119675492e-01 6.717977584797608969e-05 1.214316906336136356e-02 2.582340224863922451e+00 -1.122525270001961673e-02 2.637290672592825569e+00 5.063506540086885366e+01
2.968460411967681623e+01 9.751387521581804663e+00 2.082673957956951427e-01 9.761754603897065258e-03 1.200455432584756482e-02 3.516153295138408019e+00 5.547776686267367197e-01 2.937920068972843080e+00 5.988142557652467701e+01
2.686406098964283373e+01 3.581153809773185870e+00 8.699036138857939304e-02 9.304568816161548866e-05 1.228990484248186806e-02 1.765687690391323006e+00 -7.392693937767870205e-01 1.277453003407837295e+00 5.028100098735646384e+01
2.745477337014959573e+01 9.361984079666362035e+00 3.171958248438319083e-01 9.997574050817963076e-03 1.262797247616275279e-02 2.519488238495664501e+00 -7.920364799253153398e-01 1.024514566881604694e+00 5.799078276116352981e+01
2.785519002175868764e+01 4.364055439633103717e+00 -6.511239601387914799e-01 9.982493722630433192e-03 1.282495803328025964e-02 3.772059425602811711e+00 -7.603930802126942501e-01 4.437943418573154775e-01 4.837272072811244072e+01
2.591986312380087654e+01 2.975548172593741381e+00 3.177538026207878397e-01 2.977703820291876472e-03 1.263601074165270066e-02 1.775409875517135916e+00 1.001354923646817774e+00 1.695092759755630674e+00 4.537330560557829529e+01
2.918146175684686838e+01 4.101210326136212281e+00 -2.523647799105270262e-01 6.470146593711530647e-04 1.242259232344160129e-02 6.838284383117200216e-01 -7.723937298804944840e-01 9.493318558172400001e-01 4.869798519775770984e+01
2.795570772792665792e+01 6.606577252480735574e+00 -1.137611261885409508e-01 3.390598172655661697e-05 1.247611044426986775e-02 2.645219014924396372e+00 -2.847305114552647343e-01 2.791083122244616632e+00 5.341801638818538578e+01
2.894009331262715889e+01 6.497398225656496606e+00 -2.413859367525118260e-01 9.993098999644770344e-03 1.230232151689326231e-02 2.332344700867865939e+00 -5.414778874811445597e-01 3.019349247000085779e+00 4.719423464769104726e+01
2.742485680604301024e+01 6.324943527040720603e+00 1.224821703472083606e-01 7.171508374376516816e-03 1.235903258285734468e-02 3.890010969339417368e+00 -2.834340728113491359e-01 2.352937466449419812e+00 4.747804314086472743e+01
2.686966701762326437e+01 9.997591106452267340e+00 -2.448048723656395809e-01 9.996830836803360931e-03 1.248542038165294243e-02 2.148016261213274714e+00 -1.869907954987302112e-01 2.000995133557650352e+00 5.081402558789375945e+01
2.654899711585257904e+01 5.912304641381548542e+00 1.089910496262472273e-01 1.056275457710112670e-04 1.269514644428353448e-02 8.353345828867393408e-01 -6.719011017238964989e-01 2.323411173667651486e+00 4.799816365235815852e+01
2.686596093163838006e+01 6.113225717232275258e+00 6.658337490993572472e-02 2.506486973208495173e-03 1.256341377916106623e-02 3.867953096250772660e+00 2.148876871567915181e-01 5.046182525014019093e-01 5.383560805947998062e+01
2.709275434890362533e+01 2.719485361106219745e+00 -9.564978032329918278e-02 1.985070321691000898e-03 1.243788448673264005e-02 3.531346371759089386e+00 8.112270611678376042e-01 2.692308736075315956e+00 5.457774574057015826e+01
2.973657122739021830e+01 1.252715706970380927e+00 -6.196743768898327342e-01 1.484672988475889822e-04 1.246072830124623707e-02 1.623917060758707676e+00 1.361293324446537945e+00 8.592671604325001766e-01 5.954531982056192874e+01
2.824711242067297334e+01 5.872905143573691866e+00 -3.735613963884570898e-02 5.930917847464106663e-04 1.228397067600490652e-02 1.651264495489729089e+00 1.244002243367369864e+00 1.866885680100536682e+00 4.792726286050406515e+01
2.676926088641892676e+01 7.970737834929939147e+00 -2.699113465037416421e-02 9.981841506373018147e-03 1.238755796230997346e-02 1.204806681145948133e+00 6.345030726433629198e-01 2.157832879305566554e+00 5.026974822444427105e+01
2.622076872277706627e+01 5.059816804843258353e+00 -1.940782770617568709e-01 8.875538838818716400e-03 1.254504952879876428e-02 2.460547801657945843e+00 -2.668716618826953990e-01 1.502669629737190649e+00 5.098442151819281065e+01
2.548174288934442799e+01 4.727366536628098359e+00 3.189278000213264797e-01 8.829130751942279413e-06 1.294802789944089934e-02 2.827340856758127074e+00 1.036133449778132487e+00 5.308880443812924455e-01 4.738803863414425876e+01
2.874204656896375099e+01 5.929505509914133832e+00 4.544391525556151223e-01 8.673566484432760140e-03 1.255200406537916764e-02 3.035599628539195738e+00 -3.265803584042550334e-01 1.268225356204365495e+00 4.895222114679100400e+01
2.787456992996635208e+01 7.371277159823552694e+00 3.040478947620054995e-01 9.985682359915650300e-03 1.260967578051351221e-02 1.745936340925231978e+00 -4.180716385422971193e-01 1.755098477672573321e+00 4.978895677125772323e+01
2.528540104702926783e+01 7.424865117443424367e+00 -3.234136326514466808e-01 9.996748858911448654e-03 1.255305268792896063e-02 2.732689313847759927e+00 1.109825729455458543e+00 1.653080152101786160e+00 6.019865317303281671e+01
2.786134989786152616e+01 4.665914691816420934e+00 -1.554492548318416323e-01 9.997962455069907967e-03 1.258741967877954893e-02 3.871309492657684981e+00 1.310529703441443150e+00 2.276061238612181015e+00 4.927115018628362009e+01
2.554064977083974597e+01 5.249308145323500874e+00 2.108756101603264516e-02 1.882183651601147985e-04 1.237211444295426184e-02 4.778596360419731681e+00 1.257338809956565218e-01 1.785138653082262827e+00 4.805028781776557167e+01
2.908990917836960932e+01 6.779793739991497148e+00 -5.696501066604868491e-02 9.992348779919318219e-03 1.248661343859158723e-02 9.971076204644242491e-01 2.994687042341790395e-01 1.949349134585959931e+00 5.795824506189595127e+01
2.775812289356399987e+01 9.099728289893485922e+00 -1.073969799980184908e-01 4.289954587646566293e-03 1.232195494088528763e-02 1.475969075421274868e+00 -2.674776203955464560e-01 1.546404970089079178e+00 5.975403070466222744e+01
2.644936109390431866e+01 6.915674376433804227e+00 -4.619933814695036806e-02 8.614552731064827745e-03 1.227561801335130993e-02 3.256374186189795239e+00 6.532950271560094002e-01 1.638526530694567995e+00 4.497849931374357624e+01
2.727269617842086191e+01 1.085116128428356141e+00 -2.250516619134119434e-01 7.263341961271846717e-05 1.284593566830460540e-02 1.620114775338284518e+00 3.631079822403950885e-01 1.953441398389182293e+00 5.287781692291657976e+01
2.620997453974561608e+01 1.017306545378877214e+00 -1.270654961290673401e-01 7.037014969236521193e-05 1.261763410797966944e-02 5.914517802651436895e+00 -1.105327732921621120e+00 8.912503583610299485e-01 6.726233701118697184e+01
2.739284434592577000e+01 1.200066137761960139e+00 -1.395623950918359613e-01 1.031960729381227243e-04 1.281893629988555688e-02 4.600369997128924027e+00 1.101513793905635197e+00 2.737222396906428656e+00 5.030869863910196216e+01
2.545788564462529280e+01 6.446156120841307846e+00 6.208318010419995592e-02 8.694547850580332249e-03 1.218028888996681817e-02 1.745179827166735809e+00 7.777426458938787590e-01 2.404790921388267222e+00 5.311373106259496524e+01
2.575148421769677753e+01 8.291284411837496648e+00 2.076324913300543751e-01 1.972305938089558008e-03 1.227624108628251956e-02 2.625180757856754976e+00 -4.085219851792338819e-01 2.236549003702647198e+00 4.863189802283309149e+01
2.763583553674392590e+01 5.698021459383564746e+00 3.113585103825787168e-02 5.835158571023777753e-03 1.245114466100777882e-02 4.042403466581313332e+00 -5.327058673618325635e-01 1.851878329607532514e+00 5.177163445492906391e+01
2.758491484724833143e+01 7.352438145964178773e+00 8.654157146959284147e-03 9.713383472381997147e-03 1.237611152863365115e-02 3.606166213584176994e+00 2.893884393688879175e-01 2.198039470350407143e+00 4.979407461779230459e+01
2.716580202066423055e+01 6.960413783240068319e+00 -3.674177101202412699e-01 8.627157188542202565e-03 1.271004953362290038e-02 1.478592842930264384e+00 2.958429659401795586e-01 2.701390413846325611e+00 5.776923674407746745e+01
2.628382477168457854e+01 4.296956792040941053e+00 4.320863922180159800e-01 9.606982343812672798e-03 1.207276539685834225e-02 3.259606837294473092e+00 -1.864972857736630907e-01 1.332906799340284554e+00 6.179614672184224844e+01
2.688972303535233976e+01 1.001692925971770398e+00 5.430715244388527596e-01 5.709432356666813111e-06 1.250441616746629861e-02 2.116857250269617463e+00 -4.148763245162048197e-01 1.340685417088050890e+00 4.555060154374898218e+01
2.857897832277654970e+01 3.377362259568850167e+00 6.800727280351768211e-01 1.124701461284928093e-03 1.288180040596075861e-02 4.408766443898850085e+00 7.294775836700253535e-01 7.587770489163551124e-01 5.440955275573562488e+01
2.648870284396792840e+01 5.125391667945653040e+00 3.708236106124822296e-02 9.992532829166794403e-03 1.259248434169578205e-02 2.065186812249269366e+00 4.380141458258579590e-01 9.351392195336668545e-01 4.889095120446108211e+01
2.909043523084113758e+01 4.760591407229886940e+00 2.366800641167307317e-01 1.198970421902978802e-04 1.214463219433883565e-02 3.548417481320944589e+00 -9.124545788842525207e-01 8.765925619537787705e-01 4.878165437983712849e+01
2.610020229802148251e+01 5.906596402909557675e+00 3.579876110320105720e-02 5.040828162275476712e-03 1.278232027126120426e-02 9.485039595448870875e-01 -7.977837472013693532e-01 1.628843030302526085e+00 5.644453917046439528e+01
2.680643272573123781e+01 4.206932430793933975e+00 2.626425667302348388e-01 7.635319420028292316e-03 1.291966843614934454e-02 2.871776103619170684e+00 -4.493805337533660627e-01 6.441422059410055745e-01 4.758812343163424430e+01
2.677809885487675956e+01 6.826120711758224324e+00 -2.880500463915792175e-01 9.899333977934998349e-03 1.226757793010282635e-02 4.014863817031864457e+00 6.146668907133903126e-01 2.155475466865261591e+00 5.299851973227454494e+01
2.921226735529888785e+01 2.121606385262386318e+00 -7.737115140982878114e-02 4.002343708798716988e-04 1.253906358053303964e-02 1.597539743677622859e+00 7.727680895919104564e-01 1.446760102143939686e-01 5.097846514165313891e+01
2.758788466822568353e+01 9.982211120201018417e+00 -1.926985115287740691e-01 9.998497271314826795e-03 1.215838081026546572e-02 2.724000167945013651e+00 -6.545477867053780541e-01 2.022984742385026902e+00 4.623028810394954746e+01
2.691885797993467833e+01 4.840033148841522248e+00 2.234967712208635604e-01 6.834123246299251934e-03 1.272731080816065161e-02 4.019441825326167894e+00 -7.189365228917721229e-01 1.481360995830025118e+00 5.053111216313845944e+01
2.864334060926019632e+01 1.002256475254927004e+00 1.823329346130760920e-01 8.572134336279091946e-06 1.247501929115427469e-02 2.084115010814968638e+00 -1.975228218360016719e-01 2.363226948524711268e+00 4.838719220615602978e+01
2.702099227259102321e+01 1.031955007461895946e+00 -2.595030278018873315e-01 1.587446615662614863e-04 1.275666409509832074e-02 3.830164174577495917e+00 -1.045684251880325766e+00 2.648007214091805395e+00 5.546908984364461759e+01
2.802636478335912074e+01 1.001421445782615383e+00 -6.427628887002084963e-03 8.810723721459775575e-06 1.257047529450276702e-02 3.352511915347269333e+00 -1.205240747174092242e-01 1.473580327759806075e+00 4.274666798762790165e+01
2.629693632653662760e+01 9.919436537984305247e+00 2.866376371475747864e-01 5.646080053494743727e-03 1.233555718182997515e-02 2.767876977571840147e+00 1.010209590890300824e+00 2.994255543264964903e+00 4.985880369778186605e+01
2.660520540723030081e+01 3.584986940500322739e+00 1.129247207673629988e-01 9.999994477553193067e-03 1.224984842869387448e-02 4.942903239334080823e+00 1.699827813459151571e-01 1.352698045135869442e+00 4.491059201020301828e+01
2.834335819958917924e+01 5.564402950996123032e+00 4.394432272667403439e-01 2.225035862977660405e-04 1.251588666159591731e-02 4.175271265901567830e+00 4.175050818935510666e-01 1.107249098532950393e+00 4.411177969230357832e+01
2.569805025590212821e+01 2.965933743238686748e+00 2.426493847903999357e-01 9.986434059886410697e-03 1.233194557865681211e-02 3.616918702963835663e+00 3.055474069184611619e-01 1.331482784203805947e+00 5.665237921322126624e+01
2.606931671862504629e+01 4.059016953833776142e+00 -5.427994836658306399e-02 3.651659295262264966e-03 1.256329333665328132e-02 3.096934410493404677e+00 2.418093930687972293e-01 2.049500383002496928e+00 4.412555375619584908e+01
2.601918663493258066e+01 1.112959914162115815e+00 1.545482279043810907e-02 1.199463377776503525e-04 1.223234649137627111e-02 4.456661553016806110e+00 -9.046764370026527669e-01 7.545247006605493702e-06 4.814188284898717285e+01
2.863315327900521723e+01 5.060485557532102163e+00 5.441193765603721810e-02 7.251272702826430314e-03 1.235619190903123471e-02 2.859907817771984995e+00 3.999443574767909126e-01 2.431239998736500763e-01 4.963286568484223693e+01
2.838439967778834827e+01 6.344778558189396733e+00 1.427367546130825504e-01 9.982788491554487470e-03 1.266615099961167744e-02 2.892708779812817710e+00 7.750485058412190931e-01 2.106495578698809101e+00 4.255057647538880872e+01
2.755341494758503273e+01 4.873393343400760358e+00 1.922127468465338052e-01 9.419616087797457252e-03 1.263620562652181985e-02 9.676003103890690182e-01 2.994523007939413617e-01 2.158546338809231635e+00 5.521661663658152719e+01
2.767141020184062583e+01 2.359916465780660833e+00 -5.636998177084446837e-01 7.699884017065166709e-03 1.235497998446448246e-02 4.227536575489326154e+00 -9.423502508191293758e-01 2.097995397438200627e+00 6.409321639728648279e+01
2.844010726099682174e+01 1.061152988629794791e+00 -3.628030487602285081e-01 3.405023024048131727e-04 1.286960698851667348e-02 3.166705492444177761e+00 -7.692046560869868488e-01 1.212866874888511193e+00 4.886219536796654950e+01
2.743416870002173624e+01 4.403303110697416756e+00 -1.152220552717597435e-01 9.996759158072745025e-03 1.230883804383680301e-02 4.540611654749677761e+00 -7.813894063929159861e-01 2.639640069802997591e+00 4.627333205568737640e+01
2.767371825986497669e+01 1.453462501572256205e+00 2.963662916736635178e-01 5.814145779861947319e-03 1.225917457560139236e-02 1.793329793690613405e+00 4.040620043717597643e-01 1.203162540489551624e+00 4.551693756818559677e+01
2.772490737581553333e+01 2.627400085825307485e+00 -2.242978986922311846e-01 7.645965404827320384e-05 1.226623140928120512e-02 2.926488391555879698e+00 -2.290829056531429320e-01 9.344515858334910829e-01 4.716744064696506200e+01
2.733320100843771527e+01 3.868707981404654994e+00 -1.931412861270633829e-01 9.961515879612499805e-03 1.275691954247421510e-02 1.384801794462338309e+00 1.082415766581329208e+00 2.171549505172847727e+00 4.820342367883965551e+01
2.649743123440778447e+01 6.308223522644324177e+00 1.196326252085461034e-01 1.166528334518134448e-04 1.265967741222537649e-02 3.918841243231852900e+00 -2.337617942763308143e-01 2.737239361089415013e+00 4.711018498061911686e+01
2.740416034674543866e+01 1.000775536415964062e+00 2.756882331934568664e-01 1.069556182573764419e-06 1.239143625343447526e-02 2.868544644154377821e+00 5.972709864217105036e-01 1.978682916726541619e+00 4.402551358315433561e+01
2.610325774851485647e+01 1.003998900156424012e+00 -1.353775625976448294e-01 9.835780864009925151e-05 1.244731250634002924e-02 2.005177595423301540e+00 -3.284310452408281122e-01 1.170307262463097686e+00 4.078030083196370725e+01
2.510053992257655864e+01 4.775021268836762367e+00 3.947844421734363896e-01 2.663274880564720946e-04 1.298065996755323748e-02 1.690666088489088281e+00 -1.327224141054688333e+00 1.351735649588256427e+00 5.907340694076322052e+01
2.724476906909704965e+01 9.998501866445101527e+00 -1.288504024785536162e-01 9.999675188622877270e-03 1.241060222297956858e-02 1.517610882758891888e+00 -9.081462798378651113e-01 7.662962301549453015e-01 5.548223554791887580e+01
2.571605004844751718e+01 1.001502130342744934e+00 -4.285488014369067122e-01 1.319517729140172591e-06 1.277009277398367948e-02 2.123171471825126222e+00 -8.006503734837289166e-01 5.661915672735370331e-01 5.621124459694059539e+01
2.660739914877981960e+01 8.006764836704020283e+00 3.261307762420047607e-01 1.489470390139804369e-04 1.256722334077140131e-02 1.650039840735033181e+00 -1.423144316428150979e-01 2.560779079876259523e+00 3.931232146208188283e+01
2.690533193061432016e+01 9.512130316402423347e+00 1.143533574686667886e-01 8.858995539443408063e-03 1.243023510711723824e-02 2.402473521088573261e+00 1.058561860783779895e-01 2.918973528906231962e+00 5.444267602045655963e+01
2.791470240039324580e+01 5.792302815284092965e+00 7.283761007499442441e-02 3.683988843417870286e-03 1.251828594645698622e-02 1.332344954788808877e+00 6.908998918972151237e-01 1.900908327202472048e+00 4.946915467201110062e+01
2.655166086689311555e+01 6.114502982062413494e+00 1.728137739047931887e-01 9.981463303308041324e-03 1.243974200117139474e-02 5.306607011834858945e+00 -2.767286928015928460e-01 1.843078766717843431e+00 4.322797400647372967e+01
2.933999526331658814e+01 9.605598876339719538e+00 -8.390303099626050462e-03 7.076344610651771373e-03 1.254839265433456592e-02 2.558482172696462609e+00 -1.150086024562450460e+00 7.335952696827847674e-01 4.636220147139076886e+01
2.968084853887495100e+01 1.089321913536843045e+00 2.107287689593173030e-01 3.323378959952568161e-05 1.273299579957197676e-02 3.329111762382346296e+00 -6.809214405838884820e-01 1.958180993786316382e+00 6.038332137470387551e+01
2.607600445597485717e+01 1.971543727396954271e+00 4.134448382861565241e-01 1.569515307567573466e-03 1.280895059175551735e-02 1.256836937063233739e+00 -1.309938777327343651e+00 1.620870742638344630e+00 5.194302338017979537e+01
2.732337777174369009e+01 4.714555946667921660e+00 2.780636745428338163e-01 2.595266091442661647e-04 1.260668804147495325e-02 1.436879522338221360e+00 -1.835930977713986501e-01 1.215986249850219858e+00 5.668993660837135451e+01
2.720552482241085102e+01 2.292554416969708520e+00 -2.819043188078443896e-01 1.308657497260897785e-04 1.251640564736761045e-02 3.727894625731923206e+00 1.073349666737924757e+00 1.735135281094909443e+00 5.015963806007924575e+01
2.709814597920236423e+01 8.266002334242479321e+00 -2.389577254141263540e-01 9.471255149544159646e-04 1.260589989848891895e-02 3.443231858998389572e-01 1.804924482734084901e-01 1.779879182473701471e+00 4.882282966613775699e+01
2.691139999374312453e+01 9.523315855388286622e+00 -3.190129915353309142e-01 9.997324456099103071e-03 1.264738817075621892e-02 1.372361601807349230e+00 -6.057767954455739456e-01 1.750123203000144123e+00 4.733720122125775021e+01
2.720420053150903072e+01 6.955365575475839002e+00 1.023644792227806355e-01 9.999562830052904916e-03 1.251169655044070614e-02 3.876795533419545858e+00 -1.746322609660841962e-01 1.667410620006634536e+00 5.051415829090463916e+01
2.817553012064392348e+01 9.620715568621072578e+00 3.571972095576408934e-01 8.001742924228181023e-03 1.253582086731955085e-02 3.918836569569938089e+00 -3.516511925181990961e-01 1.075102429348777200e+00 4.805340867742074806e+01
2.707014904833691205e+01 1.140986649294499777e+00 -3.263485806955833124e-01 1.440396743575679908e-04 1.255442283948467359e-02 3.805912314744262837e+00 -6.034163285542160082e-02 2.046018544928348337e+00 4.670249502669194186e+01
2.785362060267232920e+01 8.177679994084330772e+00 -1.165585866687730426e-01 5.537807381737500719e-07 1.248959684862906150e-02 2.737660947102444009e+00 3.526688815280780709e-01 2.317767733847519107e+00 4.882201537612686337e+01
2.595121762155996237e+01 9.680138037987852329e+00 5.265232686929000733e-02 9.992881209328374412e-03 1.276445290277652099e-02 3.093570269702297981e+00 -2.306865161799032116e-01 1.774078870023425347e+00 4.467708461718401480e+01
2.773133164200881851e+01 3.090510885964546262e+00 -6.215359581352807722e-02 2.101228541167027980e-04 1.271304725038667482e-02 4.170439953910666020e+00 2.558142614905101198e-01 7.307053285574539592e-01 5.403669668334008946e+01
2.801058245161886973e+01 9.546047236717114970e+00 8.170619007331565709e-02 8.012770538380788524e-03 1.271026758202180480e-02 2.079506823658833881e+00 -4.647767357790535403e-01 2.420726239062876317e+00 5.303791737324633715e+01
2.907991844569189865e+01 6.307621723021109794e+00 8.983558355116862126e-02 7.228320069061907986e-03 1.265197787542683174e-02 3.412897295795050301e+00 -6.938500675624240666e-01 4.768849709137119031e-01 5.306689251552415243e+01
2.713923818084386497e+01 1.199247716138719833e+00 -2.509728656211455688e-01 2.479847553490801887e-04 1.258256283073274848e-02 2.207822748907225296e+00 7.534736770287997487e-01 1.369046789945752352e+00 5.021460191493946468e+01
2.739932224545707484e+01 6.353710525046660784e+00 -3.402878054685426479e-02 9.996949904146276711e-03 1.244533528027460222e-02 3.385255698931042723e+00 2.220415785081382154e-01 1.879262411709176739e+00 5.013868905284945043e+01
2.680770780607044301e+01 2.258785002855098867e+00 -2.914217145395047170e-01 9.854174271206007571e-03 1.274579915525893108e-02 5.155660006700641951e+00 7.883888879048264187e-01 2.203297820608434154e+00 5.879263135740618651e+01
2.631888931290343692e+01 1.029621665173619860e+00 -1.856565634196072900e-01 1.960936039748278003e-05 1.233221929186290380e-02 4.231327467162951272e+00 -1.171850258459783412e-02 9.108694325577486595e-01 4.934412719983320272e+01
2.776865470440197114e+01 6.383549843446141736e+00 -8.735166191149298931e-02 8.010460868407877355e-03 1.239660628797954744e-02 3.672350685060179920e+00 2.899489369126304616e-01 1.031811948429459891e+00 4.932702509104475297e+01
2.815875682894522924e+01 4.979976162208294532e+00 -7.115588050201127057e-02 9.949954901703541047e-05 1.262824793546278926e-02 1.855197087522870714e+00 5.005926847831387860e-01 1.674337102187942961e+00 4.505451309731803633e+01
2.997156496794289637e+01 6.344596259154355877e+00 -1.023490981177869047e-01 9.519601310462319846e-03 1.268393252949949999e-02 3.745859931706766677e+00 -2.494502918489387433e-01 5.037856543831019662e-01 4.988830779887211975e+01
2.848034275691965789e+01 3.774140793615259337e+00 -2.570048510753375481e-01 1.442122122061249021e-03 1.244232468924547086e-02 3.767291940656977367e+00 1.006318846825551283e+00 1.867937793336042374e+00 4.453242895255226586e+01
2.660833956806869693e+01 7.725488130765983286e+00 -3.741003655562526453e-01 9.999636254742930858e-03 1.240409202749555122e-02 1.974160220900447404e+00 7.846320648659141916e-01 2.146627985996631960e+00 5.358903411579983356e+01
2.850102726146200283e+01 7.267575331959524654e+00 -4.388137854573306296e-01 9.994075615547505162e-03 1.287979227004093681e-02 3.197908175663294106e+00 -2.194890616213123202e-01 1.769383738086685476e+00 4.936582737549181843e+01
2.675780457241648591e+01 9.999934698617483519e+00 -1.744369560589034696e-01 9.999915724126073185e-03 1.218612809930567226e-02 4.748809446161869730e+00 3.994537975265204377e-01 1.368143427169508541e+00 5.722019325892631514e+01
2.814776832086608493e+01 5.593463439842877527e+00 -1.572309225315645098e-01 4.348929447782718749e-04 1.240772270266712364e-02 4.813912230743306431e+00 -9.429835329694058466e-02 2.010665096349562475e+00 5.327407712317535982e+01
2.694447049285775009e+01 2.172397251348956004e+00 -7.279175061108453075e-04 8.945937771277641902e-05 1.249222805536017583e-02 5.225030284148971305e+00 -1.392152194571842916e-01 6.386893151174132255e-01 4.539946406797351131e+01
2.681343899795149355e+01 4.751610357360232406e+00 -2.848949923444737964e-01 7.337204880400856550e-05 1.237345508077129265e-02 2.430585714090228056e+00 4.712103979881372418e-01 3.110229083577812137e+00 5.315617144113218728e+01
2.796350660825020995e+01 4.421364551542068533e+00 -2.607623919326861883e-01 9.981434053959624061e-03 1.225348517631743434e-02 4.509815333161414586e+00 -3.987600570887892548e-01 1.293849086090156808e+00 6.043603708928410612e+01
2.739162129011436875e+01 9.886743914832061719e+00 3.553120046147127953e-01 9.985624997692758506e-03 1.261167869972606645e-02 2.899262173473844850e+00 8.284867375286149027e-01 1.675959907027267048e+00 4.636680579313082973e+01
2.818262879628672835e+01 6.547527630795997311e+00 1.499733947461819039e-01 3.631108658861481944e-03 1.229061618929864347e-02 3.658262782725457463e+00 5.489745864572919132e-01 2.041687850947156324e+00 4.653883506725998842e+01
2.732658336227883211e+01 4.688107255270850260e+00 2.018499660063084455e-01 7.377418359377753421e-03 1.267109261413873304e-02 1.401614778590384747e+00 -1.071056146382237229e+00 1.424029002669182642e+00 4.756878724095655286e+01
2.780957850716335500e+01 9.921240319075538494e+00 3.702182818005394505e-01 6.664724660126377515e-03 1.274539132124476344e-02 1.584785101995540346e+00 -7.238902751768264698e-01 1.116528451943225253e+00 4.757223935724326935e+01
2.889590805151768649e+01 5.116109794265391031e+00 -2.008335212810120618e-01 9.618400079443142209e-03 1.260832144012448072e-02 2.019638025998468311e+00 -4.642474594741994309e-01 1.669803222922508823e+00 5.185853188257040358e+01
2.977607185112831800e+01 9.191993632321738161e+00 -2.167481316502089042e-02 1.228998651358442469e-04 1.249776352962471762e-02 8.096669550387174397e-01 -7.582317804357229241e-01 1.509264468606922982e+00 5.529795657965394184e+01
2.765209864437506937e+01 4.730246006603628928e+00 -2.643640410053610390e-01 9.977317671094984575e-03 1.230732472601108254e-02 2.280960457750477843e+00 7.571306564579742826e-01 1.566697325934998997e+00 4.487709923095640363e+01
2.796732139475194856e+01 6.709146932957437137e+00 -1.433010446334095356e-01 3.530678070462767984e-04 1.228769431004485962e-02 5.702590470225133323e+00 -1.335048885082028791e+00 2.329765735978796215e+00 5.028521035735994360e+01
2.578420341153744033e+01 4.409553820930427470e+00 3.098789050567384296e-01 5.797222682582541149e-03 1.223170467538446833e-02 2.933667197223770007e+00 -2.900185393183933868e-01 6.210561543178818589e-01 4.667454124347493405e+01
2.639647331776181716e+01 1.203329543648708366e+00 2.661800691582951184e-01 2.238517233583508744e-04 1.263235689859234026e-02 3.654787420136041298e+00 -5.125884216695226758e-01 1.091945714832112335e+00 4.933468554106491410e+01
2.634622829490082196e+01 9.792585509740844074e+00 4.009885096593556186e-01 7.541514325525979466e-03 1.278358655963161665e-02 3.745817997004834865e+00 -1.018043601264584597e+00 1.456234491807401721e+00 5.531375429163195889e+01
2.719752606403815776e+01 7.901652662963178031e+00 9.738513079961336194e-02 9.996589813062659036e-03 1.223932382144955408e-02 3.859418020766725910e+00 -4.685239116595014686e-01 1.778648412719179950e+00 6.001010754980568151e+01
2.905559567979831570e+01 3.659368120533259994e+00 2.982072799909803867e-02 4.238606929671785532e-03 1.235137001254199042e-02 4.000739738921807565e+00 4.624027221759288153e-01 1.935033743375295989e+00 4.805466481707451720e+01
2.590439818166825248e+01 1.000331049922354110e+00 2.506192220305692442e-01 1.026678057203257174e-06 1.296035594982186158e-02 3.702064528991899639e+00 2.113768666889410675e-01 1.868910637510281747e+00 5.563828697184619188e+01
2.785429726885686108e+01 4.036766217161453341e+00 -2.041250795363382664e-01 9.999735128995036054e-03 1.262848091523589150e-02 3.642041826354519340e+00 1.069074462560610783e+00 9.446796754018274012e-01 5.016213651422228992e+01
2.575716557916000227e+01 3.977052027500640463e+00 4.771907919075444315e-01 9.994849967434552701e-03 1.222348102011616006e-02 2.786574300931003112e+00 -7.789280862032232911e-01 2.587582374186299994e+00 5.617005399871287352e+01
2.974578995585665453e+01 1.090059951271401761e+00 1.268392338449152723e-01 9.617943189832048139e-05 1.219258525604557247e-02 5.730022356871238287e+00 -1.134363376620042274e+00 2.405380550338002799e+00 4.986688251017495332e+01
2.637142043467261843e+01 5.595245699839583864e+00 -2.901379560878456498e-01 3.226507662694233703e-05 1.256308516824265233e-02 2.665597582044906488e+00 6.722476666860699446e-01 1.872825724153839300e+00 5.657678662785293966e+01
2.681289974954800925e+01 4.092691358908496113e+00 6.765949249700527017e-03 9.988791784986648936e-03 1.247088115092315382e-02 2.407624212113132156e+00 1.038166404225819850e+00 2.016568812417721013e+00 4.760793070135551375e+01
2.673535427205331061e+01 6.603065923405261550e+00 -2.498216714629736546e-01 9.999810599135487352e-03 1.274117003719461329e-02 3.901402747241407010e+00 9.177885443876721006e-02 2.305761760328072008e+00 6.010262211717701319e+01
2.987718670300690604e+01 1.242664870800781252e+00 7.261435072511481792e-01 9.997988398396905063e-03 1.292572191880126016e-02 5.639202853182951891e+00 -1.105995670592385016e+00 1.614855748005888714e+00 4.780341982325325745e+01
2.616507345527743311e+01 2.859364974589182040e+00 1.956454712449319788e-01 9.215292204593770672e-03 1.258181635688158592e-02 2.254925167471109493e+00 9.771244903054894237e-01 1.089770350556752643e+00 4.055038115568838464e+01
2.577580558347163375e+01 9.260647284993654083e+00 3.212835772650612376e-01 9.992742490675955366e-03 1.225392918840344757e-02 5.336685307355414132e+00 3.714669741301768191e-01 2.014899175574980550e+00 4.622499169841118771e+01
2.715576275658322913e+01 6.670772810599506109e+00 1.950972602178014936e-01 9.990178979094779810e-03 1.250423381903860778e-02 3.829872789741067596e+00 2.728690026788682665e-01 1.917036010397454193e+00 5.280925468337164830e+01
2.776279391684940734e+01 9.912852935820481548e+00 -3.567919145134519909e-01 4.457015644980536796e-03 1.255722231002825463e-02 3.829949877975390660e+00 -1.451186293567608532e+00 3.224140468849174823e-01 6.567257949125014704e+01
2.598670662671728593e+01 4.584197677524875836e+00 2.381473246474205552e-01 2.856584431880327193e-03 1.265627752130906759e-02 3.288290848601437055e+00 -3.662911066171123942e-01 1.513322101173523171e+00 5.861803113678236343e+01
2.693980343302418490e+01 3.868041531206353412e+00 -1.977488201998400252e-01 7.665602711186710744e-03 1.258373762510236506e-02 3.266119952637634327e+00 6.350262392105263665e-01 9.757063481781501624e-01 5.145051229281653349e+01
2.606123226148164918e+01 2.871693193086473528e+00 -4.680561614197085718e-01 8.364190579307977103e-03 1.256527767626285791e-02 3.270799318469887584e+00 2.322979696994451615e-01 8.854175053875995571e-01 5.753524126817008266e+01
2.724939617276716319e+01 9.501110028465502566e+00 -2.305174315932767837e-01 9.999958071111425539e-03 1.271824705680395240e-02 2.455851662584870532e+00 4.115775389065092771e-01 1.217601463599012890e+00 5.642837253869586078e+01
2.711688053108786178e+01 5.089238354971714173e+00 -1.989366011243661747e-01 4.713247589645648767e-04 1.237051190658583488e-02 3.346674534843393278e+00 9.066282875289952692e-01 1.810893720437564580e+00 4.755375566861065550e+01
2.884859190610530177e+01 6.279139158548930233e+00 1.807486432837783208e-01 5.446083325254315343e-05 1.270311462868840315e-02 2.720144405984996183e+00 2.067543407643332998e-01 2.392640235642699231e+00 5.051163655727845025e+01
2.836927773147177234e+01 5.684389555201666333e+00 6.650864980757575928e-02 4.883667483342328357e-03 1.245655833023489797e-02 2.270417816801562072e+00 -8.021781337505657916e-01 1.546870553567492035e+00 5.261495049264156876e+01
2.661142882505688689e+01 5.141007697991023306e+00 -5.079376529442462818e-02 1.706403605695618715e-04 1.265463043360792045e-02 3.997516440688771322e+00 -7.957220779896208018e-01 2.271875858761715161e+00 6.521919006690282572e+01
2.718965706575896490e+01 4.248014289154694367e+00 -3.018267585535313047e-01 3.595327014265489501e-05 1.283596195224126491e-02 2.402792846303599905e+00 2.081606059545610954e-01 2.644688693880900665e+00 5.417729189410312785e+01
2.799729810241937500e+01 8.765766255008481167e+00 -2.031656770156730352e-01 5.890334155618385907e-03 1.231827536167923696e-02 7.356345434459145016e-01 -1.014044828270408205e+00 3.012280814100213089e+00 4.536971806132214624e+01
2.610531335646585660e+01 4.386038169029789380e+00 -2.229300265018687444e-01 6.489131029425623375e-04 1.274212235285503841e-02 2.273241247877932469e+00 -8.848321886775046829e-01 1.996611463089967620e+00 5.342248455455754907e+01
2.722854788756895061e+01 3.857691785110377136e+00 1.814612425551634101e-01 9.989071986675439677e-03 1.263941180379312378e-02 2.749276839101480796e+00 -1.159538497644869492e+00 6.732840380023813465e-01 4.504018897411987865e+01
2.690559927685707109e+01 7.528999244720980144e+00 2.237558735532768350e-01 9.994552408526121215e-03 1.239377120840865452e-02 4.267541266760237484e+00 6.334745368003105170e-01 2.194500898072723860e+00 4.277344279070931066e+01
2.809462358896532308e+01 1.000564553520897126e+00 -3.206234221238643545e-01 3.836771658381116278e-06 1.292906573112556461e-02 5.780164974877095574e+00 1.500547942924144174e-01 1.098905778520467225e+00 5.733312010080366861e+01
2.843825573630242332e+01 6.840774644537508387e+00 2.215636659960978638e-01 5.275904997149780812e-03 1.240000403958824680e-02 2.546223884067423171e+00 -1.390711736367928442e+00 1.600286996658119021e+00 5.053201593211514364e+01
2.600901923177505637e+01 2.466112842709645925e+00 -8.999085893955441340e-02 9.651086053034769411e-04 1.239700644122986029e-02 3.628039104323398600e+00 1.385036853040131355e-01 2.667503453599467278e+00 5.138733452228387222e+01
2.807435794205943580e+01 4.929196342210352633e+00 -6.450826461931011835e-01 9.993539369783442650e-03 1.255186134602309656e-02 1.562813360775665350e+00 -2.258822480400455301e-01 5.459648631166041932e-01 4.374879985473718591e+01
2.863774339735971353e+01 3.212843951966722233e+00 7.041694004878934487e-02 3.197126717316369393e-04 1.253027092870457465e-02 3.067666094548016975e+00 -2.342239046953917825e-01 1.231709234510716788e+00 4.317499278807139262e+01
2.611579480020047228e+01 7.219258132616797496e+00 -1.014361920453185975e-02 4.145899962267111894e-06 1.272059335731021666e-02 1.563723790963702065e+00 5.902974890691838894e-01 7.592248322895535084e-01 4.757539629377090762e+01
2.849383297818982541e+01 5.893048987845148190e+00 -4.347562677893813121e-01 1.609660290799551764e-04 1.253303661995331005e-02 1.447371935473054982e+00 -3.234948303170526174e-02 2.076877566768433159e+00 5.342548020387560825e+01
2.638061776970079109e+01 7.102451333372147069e+00 -1.930753278966421821e-02 9.949582859579992472e-03 1.217471209920860213e-02 7.368000808014069092e-01 9.777457230143742350e-01 6.580979404706996938e-01 4.504437030940326281e+01
2.692826600321037489e+01 5.297759008279626869e+00 7.308750233516628919e-03 2.551276298686930549e-03 1.239263096731916744e-02 2.342368383367798401e+00 2.988500664113531435e-01 1.535299452600825454e+00 5.046179495021931416e+01
2.895633064398219148e+01 7.061520918156329429e+00 -3.225875164637094783e-01 9.999966880219458842e-03 1.221322302798379805e-02 4.418290277208141603e+00 -7.148326212556789239e-01 1.628684102508733300e+00 3.680094500003200153e+01
2.974667376333885116e+01 4.109432917327438872e+00 3.556230700303486536e-01 4.139045070487400689e-03 1.269139728393536837e-02 3.875191981852167178e+00 1.409449569858806761e+00 1.408353530347778992e+00 4.900180658040796544e+01
2.622004279530444393e+01 9.376892629433340787e+00 -1.589120559982970526e-01 9.999185912743924556e-03 1.278484807819057004e-02 6.038199641067432566e+00 7.714779298430993748e-01 2.150132300908605298e+00 5.066860246340126395e+01
2.836582534486982254e+01 4.531522621548982777e+00 -2.118685492312132324e-01 6.627921921131796866e-03 1.268856022160390166e-02 3.960594611333975834e+00 2.880690699437598035e-01 1.621851625576926637e+00 6.284085846416980559e+01
2.677283972880427143e+01 6.536989643269032868e+00 2.996492565179735210e-02 1.958604289203664563e-03 1.257765558090599353e-02 4.199829193773473079e+00 -9.946982475494917653e-01 1.893123288270897486e+00 4.470997438732706541e+01
2.837305502908446186e+01 2.861077618854983129e+00 7.293858869287474234e-02 9.851966138568892667e-03 1.222710176350977340e-02 4.310445682697512382e+00 5.192545480852013284e-01 2.228693374360184887e+00 5.415013161858612278e+01
2.876834998035236879e+01 1.331021015327625623e+00 -2.874601541366369681e-02 9.949644531338943873e-03 1.211533232432402546e-02 2.006778443046251859e+00 7.008302559396017983e-01 2.965692613560142465e+00 4.805657925798980301e+01
2.748225993785192145e+01 4.766696970203076589e+00 -1.719707283355069449e-01 8.969408524397750812e-03 1.259193911718873432e-02 6.086622351697217326e+00 5.400355152433844452e-01 1.488715754228058241e+00 4.842596210297507042e+01
2.714513048565712694e+01 4.023174080007222209e+00 -6.546642034827104828e-02 1.321550063224062816e-03 1.249281069690133181e-02 3.383736872802215689e+00 4.782779436688984198e-01 2.295487965598437707e+00 5.059288041111268086e+01
2.590546707631483514e+01 6.805337654795573954e+00 1.954880550089991009e-01 7.708595770888891294e-03 1.265070938789990274e-02 2.976727403186667065e+00 -6.231809111426745984e-01 8.050390951610372214e-01 5.604178170159009653e+01
2.841008443733197097e+01 9.982031537869707094e+00 -6.405677653617151968e-02 9.993386689697026856e-03 1.259530673670127519e-02 1.786573254740757566e+00 4.557203323218255164e-01 2.129701646907688595e+00 6.117045391139122046e+01
2.926970557449646648e+01 3.180346392178020842e+00 2.357487900149198568e-01 5.424315939423034021e-03 1.262651286868119588e-02 3.020805693904663247e+00 5.154596018421742087e-01 2.348656877980798363e+00 4.524786432752956244e+01
2.736979172388719661e+01 4.431769194694904712e+00 1.272548404419895918e-01 4.477930257688467544e-03 1.258717760373222021e-02 2.914259143025835108e+00 5.429626483735541242e-01 1.045968627329362244e+00 4.913424087414065156e+01
2.696028787359498935e+01 1.001518279182390669e+00 -1.816648665534901508e-01 4.338537736765913485e-07 1.283191783984053390e-02 2.527922843206010572e+00 -1.179073220098811436e+00 1.529364374353288758e+00 5.304354038683786854e+01
2.757484847668529682e+01 3.876677053343184909e+00 -8.884696088812393810e-02 5.803841276099203436e-05 1.288422412362257019e-02 4.811117204860242857e+00 1.170888071015017573e+00 2.306388318768023638e+00 6.004667959960407586e+01
2.672740409458086930e+01 5.449323964612771576e+00 -6.615682263591890488e-02 9.997331139988152940e-03 1.256813444297751221e-02 2.324395392544358785e+00 -2.487124391298776160e-01 2.235532306413644810e-01 5.948583660447837218e+01
2.694400122006615206e+01 3.622380791567076486e+00 1.459505155023792244e-01 1.984222155341844318e-03 1.204964553325172869e-02 1.700708984557034675e+00 -4.937126859948526292e-01 8.712289278358481548e-01 4.455938697520655722e+01
2.744500874395240686e+01 5.062508886589772494e+00 -1.719957592352774622e-01 3.201424085636028673e-03 1.240727592215008779e-02 4.199163590417154701e+00 -4.060126754023962725e-01 4.989121475494963653e-01 4.847836303822746373e+01
2.763243905697614267e+01 1.018329915219186699e+00 3.739142637164522553e-01 5.822658128594149468e-06 1.262826033863959259e-02 3.489391288792258905e+00 2.448766083340965238e-01 1.346930305591580890e+00 4.655208673688457566e+01
2.639188038698966920e+01 1.000150195770660000e+00 -3.564696983300845445e-02 8.048962817643340204e-07 1.217843860764045508e-02 7.841881348370709492e-01 5.404249622621559723e-01 7.030445527057855859e-01 7.491281969728719048e+01
2.716010291946768973e+01 9.606088003142012610e+00 1.124156752867983833e-01 9.742061011279902136e-03 1.244693908910913215e-02 4.922744557942811738e+00 5.085787303775952672e-01 9.349018156065130869e-01 4.985880806360478346e+01
2.765669366663438922e+01 3.907131959276440192e+00 -5.964652800563967627e-01 9.998943967030415533e-03 1.251431396147497689e-02 5.023847728749330166e+00 -5.557557545358022821e-01 3.141520025014176376e+00 4.401384772242258236e+01
2.822601082616133183e+01 5.162220478873778440e+00 8.883363207234472314e-02 2.322257637164737085e-03 1.285050235255503007e-02 2.780362536122946260e+00 6.263167567395599988e-01 5.135950341396418040e-01 5.047805414612576413e+01
2.631548299167104688e+01 9.637581346075425159e+00 -4.167735550426810986e-01 5.891661128702496870e-03 1.240451319860651908e-02 5.083613512224351538e+00 -7.129760699379631417e-01 1.206853460029580827e+00 5.429280143130038994e+01
2.823401336938270845e+01 4.506838601278265521e+00 6.350422338100172870e-02 3.777769436830832515e-04 1.247055984255372382e-02 2.465980831539527518e+00 1.018192526979761148e+00 2.649863809183664376e+00 4.824138717885124095e+01
2.712355959490999524e+01 6.830048775373676051e+00 3.824663804489369240e-02 9.999767829362300742e-03 1.277762527275445696e-02 4.133385591646939972e+00 -7.992138448174569421e-01 2.281027148355097900e+00 5.521921218056318992e+01
2.766209885697996995e+01 4.197242302479759601e+00 -3.069385662447806640e-01 9.999881655615546622e-03 1.246125443676169252e-02 2.951845603942620411e+00 4.264074120879772778e-01 1.444579368759892235e+00 5.661438351702260263e+01
2.695239288224764351e+01 6.811674750434297820e+00 -2.038536147066459525e-01 1.206219585203301744e-05 1.241856779394870727e-02 3.986237721819516633e+00 5.212747961718600109e-01 2.318002015833461105e+00 5.432742947258681454e+01
2.580784963393502096e+01 1.643649173371813932e+00 1.383453344843963706e-01 1.310948206368855150e-04 1.219139358760108240e-02 2.794530014132273976e+00 6.103293715828237431e-01 2.153737645193791739e+00 4.668154068155012482e+01
2.742486470548654509e+01 9.884012856124343216e+00 3.186126018463973919e-01 9.991179434675598672e-03 1.278918821993191290e-02 2.693194337814760253e+00 -8.313294911475699323e-03 2.056851845324342953e+00 7.080726689702629528e+01
2.774787524273078532e+01 6.669196098769353043e+00 2.449520438425385749e-01 9.999992596917818208e-03 1.252290951305692207e-02 2.604763380261628125e+00 -9.385082461711122814e-01 2.659313867170429724e+00 4.835179346016919055e+01
2.886615032783002732e+01 1.011960395856407846e+00 2.136986664673793390e-01 1.917833315446582402e-04 1.268332450767228371e-02 3.864453875137619843e+00 1.072434571419328186e+00 4.803785528999723886e-01 6.145397980146481842e+01
2.832256310412438793e+01 6.631608193438548682e+00 2.832495220317867712e-01 8.911544047375525787e-03 1.232288563388092735e-02 4.746091350814382714e+00 4.487059763338101526e-01 1.226040676799005080e+00 4.747607461379371330e+01
2.584327182072602724e+01 6.646328390337481906e+00 3.499944583365369871e-02 8.382130267281513822e-05 1.273130067934557033e-02 3.060828915879199474e+00 -1.151884733937700300e+00 2.781628711891057648e+00 4.114897648695092158e+01
2.765428156188908915e+01 2.053063812016310941e+00 -1.399517189091106506e-01 3.680788371708326387e-03 1.237648774397258344e-02 3.590471721572658481e+00 7.819237747576481823e-01 1.264731940006744715e+00 5.526128665548699104e+01
2.778421412894330800e+01 2.871244779938114888e+00 2.026638913390902963e-01 9.957504934618546452e-03 1.279267837166597928e-02 2.702704141477012101e+00 5.646362786532890254e-01 1.287010142587530215e+00 4.536696708598211814e+01
2.785584393432410266e+01 4.007113995445479304e+00 5.183628719761119649e-03 9.999958304187961042e-03 1.225176163326644439e-02 3.353251209360992302e+00 8.573884845849186753e-01 3.141585618469821650e+00 5.183307670680512302e+01
2.977873974564784021e+01 4.347353836956436623e+00 2.439482037791827762e-01 3.918734310283176320e-04 1.268208839063826414e-02 1.886129870827405464e+00 4.749707922751507105e-01 1.285051610321120030e+00 6.625417375987902346e+01
2.803008347243990173e+01 1.027448524600923951e+00 1.295962446083948338e-01 2.912762791353111798e-05 1.217016177720405684e-02 1.340624219405732953e+00 -5.805183905921555976e-01 8.321746839537368379e-01 5.082200547939479662e+01
2.526666896992795586e+01 1.139058190596860198e+00 -3.014262834622616904e-01 2.948732669200485306e-05 1.262619091197499099e-02 3.039837874984554933e+00 6.028078718498082189e-01 1.397743288037236152e-02 4.413454845625581413e+01
2.869189852517810735e+01 5.456459527492367734e+00 -2.639105357623884873e-01 5.930082958402287368e-05 1.240242930102893222e-02 3.886306916660023258e+00 6.513320788864018773e-02 1.091831602480367369e+00 6.467127200083274374e+01
2.735948919947194113e+01 1.120195960578012517e+00 3.554672211668951087e-01 2.522684364184757844e-04 1.253291806742317695e-02 4.138923415668958050e+00 6.801193110799932384e-01 1.170957135036274410e+00 4.711693265548895937e+01
2.934154664805799584e+01 6.561957461818537674e+00 9.731908885805175269e-02 6.268742021227748616e-03 1.208869133687356066e-02 1.791899082950751954e+00 4.491206208376663511e-01 1.568515006475890816e+00 4.851259943489706217e+01
2.873797265931355227e+01 4.746687848706812041e+00 -2.638831792037266699e-01 8.813174370232988372e-03 1.245583593036135930e-02 3.954785900633486673e+00 3.692646390957963209e-01 2.348824109624897627e+00 5.171849424141663576e+01
2.556762250490376687e+01 9.998927377090691238e+00 5.130905237767087179e-01 9.999907884485797691e-03 1.280085567886093262e-02 2.280068141736438569e+00 1.861432868956591768e-02 1.442622054780406282e+00 4.811366041234944646e+01
2.859434329627867655e+01 8.573291420326816237e+00 2.712348853580431318e-01 4.211133138640102587e-03 1.251834140022955316e-02 3.160326636964682745e+00 5.679593260607349592e-01 1.783080979693103973e+00 5.312499188425325514e+01
2.710976939605396652e+01 5.716633652541184496e+00 -2.541237105060915602e-01 2.954965932174295155e-05 1.255931673209744436e-02 4.677185242239823459e+00 -3.881532419091822117e-01 1.954448222240140920e+00 4.523951503858892664e+01
2.775465779146848178e+01 9.576716077316399733e+00 -1.480839883915063271e-01 9.460402660783616760e-03 1.237812120605139357e-02 6.015215194629468520e-01 -3.150281698092860516e-02 4.534777959562483751e-01 5.212731715398744115e+01
2.765679320620792936e+01 3.760638952959934667e+00 1.697269727861920041e-01 6.979127262348046833e-03 1.298585245634599483e-02 1.760111029600329280e+00 -4.858686276682377958e-02 1.251235151645674337e+00 4.454630788489640025e+01
2.874685882857376384e+01 1.000603682649142012e+00 1.458238019222167503e-01 6.040440190197660119e-07 1.268102058207021959e-02 4.639707776295793451e+00 3.642920277874637236e-01 1.841973053400134841e+00 4.951112465180037248e+01
2.709807155650529964e+01 1.978838234021763176e+00 6.033071608803534588e-03 8.186204078594952471e-03 1.283673066370681452e-02 2.946896065682403698e+00 -3.564542647054778080e-01 2.116967800610964012e+00 5.446904994280166790e+01
2.749057179824151831e+01 7.543181036157718289e+00 5.107902465724780544e-02 9.986295099862230532e-03 1.237625711104800748e-02 3.770098800379812598e+00 -2.194217627413683758e-01 2.046036561945804522e+00 5.130543411574083734e+01
2.646917256406885599e+01 8.559915402038294374e+00 1.890019992506889179e-01 9.999967412253790364e-03 1.282460420705220337e-02 2.911963528419865721e+00 4.616255227060972466e-01 3.038308253843963747e-01 5.899644751257122977e+01
2.791389645389249452e+01 5.813776509255975888e+00 3.329248169369278081e-03 9.999110146302871149e-03 1.243709956105237477e-02 3.598146976879135650e+00 -3.031086495656121205e-01 9.690065002611089051e-01 4.925083578951064567e+01
