2.682151155953726018e+01 3.513879599454592828e+00 -9.566629982011944089e-02 9.973129650005544897e-03 5.846256131482669566e-03 4.622261896651331803e+00 2.886402640273764142e-01 1.673164077677786077e+00 5.131520940785608786e+01
2.925390220195955138e+01 5.992577748795543613e+00 1.495026983325302983e-01 7.901770442349366139e-03 5.893596670326728230e-03 3.751142573002664182e+00 3.311857850348540744e-01 1.757302907423051730e+00 5.099868809341747777e+01
2.637445002439307729e+01 5.202264162942116243e+00 -2.420679807909066963e-02 3.167967903839367331e-03 5.813161694363804151e-03 5.052961262846596746e+00 -5.105069337387844186e-01 1.513089646269632160e+00 3.918714984372258670e+01
2.654037885632997629e+01 4.989146132044093740e+00 -1.962902135185057989e-02 3.847464316682125060e-03 5.899897375760278229e-03 6.633216519790650079e-01 1.267417420213222012e+00 1.807991400959521044e+00 4.769743659639085109e+01
2.959043040840609251e+01 1.023414875696962767e+00 1.567678780223147883e-01 1.619480237259913273e-05 5.819494886263820721e-03 6.183003397668915824e+00 -5.862277833758131607e-01 2.310782020196808784e+00 4.270162172981297033e+01
2.802933605140938766e+01 1.049642302310370701e+00 -2.608372460506959145e-01 3.394840191986889483e-05 5.840505406332596218e-03 8.524654465557298666e-01 -3.879925511059016952e-01 1.316972130792988693e+00 4.538375092215687800e+01
2.923810994280608000e+01 7.190590138903524497e+00 1.038134603000963191e-01 4.886976690588731506e-04 5.840964827652972771e-03 9.011064847765758445e-01 7.349600911949147886e-01 2.141630831247691713e+00 4.411144519640272676e+01
2.823790435683134348e+01 3.833071870258331959e+00 -2.477066453603762874e-01 2.806544409830559906e-03 5.825722543281963012e-03 6.055824644907534804e+00 5.776208147267292148e-01 2.286669946062685366e+00 4.774018463534294909e+01
2.970934527619057164e+01 4.513197582527073592e+00 1.929509734472446836e-01 5.677527718699005611e-03 5.893558310259883887e-03 1.924390425375356095e+00 7.912149718916188235e-01 2.789853643432534280e+00 4.098658194168057634e+01
2.569923758307849226e+01 1.333179527940878906e+00 -4.140207677864356506e-01 4.780828328400446581e-04 5.830736816958334741e-03 2.589595688748744795e+00 6.287910107574701257e-02 2.354804812878380726e+00 4.966463968515018479e+01
2.674951876126640471e+01 2.775019738566394611e+00 -2.396592366947724595e-01 8.192622249683395586e-03 5.855750632474503170e-03 2.590198058663109926e+00 9.489626400103379211e-01 1.752739379832953803e+00 4.444214798254751031e+01
2.776668706989827484e+01 3.305596925575273293e+00 -1.642430752020890838e-01 9.976694848114753267e-03 5.829697439255954530e-03 4.913530073320472091e+00 2.074158603535936063e-01 2.419226790533419269e+00 4.257632611434257086e+01
2.577054673703892362e+01 3.937097902690415374e+00 1.719828405284112849e-01 2.836127721276684131e-03 5.801474686758589273e-03 1.718289285958762624e+00 -2.879631293296303074e-01 1.890582804003787087e+00 4.700265686906714535e+01
2.679179149315066510e+01 5.199420288098274945e+00 6.811448899205985175e-02 3.218924381937421971e-04 5.825693151413796275e-03 4.177925528986608406e+00 -1.210446216265447905e+00 2.293285879954454765e-01 4.107410341554088262e+01
2.684375671675917374e+01 5.811117128042237567e+00 1.641833001191104757e-01 9.997625380011651922e-03 5.881507186529718982e-03 1.351287104065401978e+00 9.848300812286114869e-02 8.495438015204989091e-01 4.128066640150021982e+01
2.712424455488606867e+01 6.357345472735067560e+00 -1.942889040995119943e-01 7.992454087903189466e-03 5.852987042808783895e-03 3.617459267633467590e+00 8.113851989043432411e-01 1.719517854404449819e+00 3.919007791413318387e+01
2.681147866647800626e+01 4.416319981112311055e+00 -4.459707182634581324e-03 4.945769857520749754e-03 5.809383561109200331e-03 4.113374749843105249e+00 3.281614896298592488e-01 1.870271501760332633e+00 5.288815834187146692e+01
2.705898755872751593e+01 5.160564358221913395e+00 -1.435812151616572795e-02 8.217745455636055185e-03 5.838987798882197718e-03 2.682610523696352889e+00 -1.775290817298960100e-01 2.484156356145588163e+00 4.395293726607346940e+01
2.872412012843884810e+01 2.854301812272081129e+00 -3.176724468750809494e-01 1.349565167551873606e-05 5.849891231423094522e-03 5.851173748205387604e+00 -2.367886530064113870e-01 1.194861474860544837e+00 4.023489865367955076e+01
2.552692332404275177e+01 5.199427345761069574e+00 2.391405751916092157e-02 9.935323616263919480e-03 5.828533672635981093e-03 2.624399891507141813e+00 3.134981601491677594e-01 1.426354161720674085e+00 4.191853842706763089e+01
2.724803426809984330e+01 5.342174233930087723e+00 -2.145359490946479875e-01 7.758320752217509608e-03 5.853036851249156930e-03 4.963877403935948784e+00 3.516236494351296926e-01 1.769771201075358569e+00 4.578307761830619427e+01
2.634309631812540076e+01 6.025411905140483526e+00 4.255931146665945519e-01 4.952161718058126043e-03 5.852109966781139823e-03 3.446418050452929371e+00 4.048818362615913546e-01 1.335316211884847393e+00 4.482956922155793933e+01
2.855479239496099453e+01 5.661095588678205281e+00 1.107910661333481872e-01 1.152378722373224732e-03 5.847459822149102433e-03 4.657666321466380488e+00 5.935431837080726858e-01 1.627109456239496765e+00 4.222831836379975101e+01
2.854863280634311451e+01 4.066798735458183600e+00 -8.122066151770003517e-02 1.727543525956719587e-03 5.853141848300589568e-03 4.777348688929651033e+00 6.419471823431455171e-01 2.366113477610692239e+00 4.865088420626946686e+01
2.636582128586800167e+01 7.029038563202013812e+00 1.927204790544259361e-01 9.860398116882719902e-03 5.817775594630650998e-03 2.430754795197909157e+00 -5.269641281126669075e-01 2.676963242025415246e-01 3.880458605640146175e+01
2.690047316374593578e+01 5.770011183288773715e+00 3.522643693781411511e-01 2.408822179414094554e-05 5.876322086861918495e-03 1.297302129482522881e+00 -2.066583537677175730e-01 1.893228023790776149e+00 4.075793424131219211e+01
2.787181526060647840e+01 7.424158756529348757e+00 -2.867401152985085133e-01 7.798765842318125009e-03 5.885222424415402845e-03 2.348244205406170515e+00 -8.474651726130590923e-01 1.597480126948279011e+00 4.074132153247386867e+01
2.584060119057981453e+01 8.390367423265292501e+00 3.655284474307979870e-01 9.993685705879185380e-03 5.803285580266971666e-03 7.493243281464683214e-01 1.202004951315943870e+00 2.720391634774120604e+00 4.550353377750334261e+01
2.685781704005891868e+01 5.166860116788588364e+00 -2.787841753111823251e-01 9.933806239806124497e-03 5.857910354028002253e-03 2.234816722884156892e+00 7.160413587248304346e-02 2.606428497818293888e+00 4.921581811264861983e+01
2.847796171624327499e+01 6.195326614064657456e+00 -2.566564826542939715e-01 9.999244001310535895e-03 5.882448005932962645e-03 1.969151649467958398e+00 -8.113267057515812786e-01 7.762859490589664180e-01 4.017326172200607459e+01
2.621223871376141901e+01 6.192713498233847425e+00 2.906402762937867479e-01 8.412774049131588588e-04 5.810192440195707624e-03 4.893419262868815345e+00 -1.860323822785590053e-01 2.295137825923459385e+00 4.161590907225790659e+01
2.933791882019956176e+01 1.077049725606083808e+00 -1.437990121559714063e-01 1.243678452615001265e-04 5.825813480406890482e-03 1.541164699071188693e+00 7.961517665923354414e-01 7.328478213143303499e-01 4.640328932336081635e+01
2.723103515898529281e+01 6.191132635882914848e+00 2.710233806703233328e-01 1.856269014182917906e-05 5.877848955946856149e-03 4.331589147538867479e+00 8.961333634592021369e-01 9.374078347526360044e-01 5.112221371005716009e+01
2.781865450751948643e+01 6.399978960196490263e+00 1.783507125367239099e-01 9.865224554033925203e-03 5.843537813103144921e-03 2.181236884307893309e+00 -1.938977514581250450e-01 2.297304437537837973e+00 4.467484054720866027e+01
2.684481239341969783e+01 5.933107268681660607e+00 -7.905180604185343962e-02 3.552476327206809115e-04 5.845284516142240129e-03 1.729746159045967513e+00 4.798819794717994469e-01 6.710100192825689813e-01 4.192406318795254805e+01
2.902396718566223655e+01 1.032603761393774189e+00 5.412739932915643370e-01 5.595583561961289462e-05 5.811365086964724244e-03 4.088514142223687919e+00 -1.460215150676894558e+00 7.493186541468289663e-01 4.582837663500442460e+01
2.606227965299046545e+01 4.805867012698964658e+00 7.568299398669338374e-02 9.156710465872915095e-03 5.804473108089478438e-03 3.241170485247343525e+00 -1.290712905804583643e+00 1.914692859643040590e+00 4.762982189819722834e+01
2.813387143965497472e+01 4.261362227786718471e+00 3.702822233836537413e-01 9.981965472546722867e-03 5.837969087674005353e-03 2.462834389896171317e+00 -1.059926679642376968e+00 7.115629451684378493e-02 4.772086758761115988e+01
2.946209292393455925e+01 1.075077271263141565e+00 -2.070166392897848373e-01 3.347495137102547577e-05 5.857956350286377262e-03 2.983837641743537272e+00 5.030486096883097780e-01 2.364252782445287693e+00 4.544796634057853879e+01
2.684539305980722190e+01 5.697130664642534370e+00 -4.187492910719128186e-02 2.513823746436036561e-04 5.877835610250459197e-03 3.301054507807052119e+00 -3.020295075549848107e-01 1.932215254801001425e+00 3.548356161455066626e+01
2.922513595569803968e+01 9.993403527421657273e+00 -4.744405702687131132e-01 8.085529172758516847e-03 5.834925943491120655e-03 1.458796196324313732e-01 3.036217768973299425e-01 9.251677251153418435e-01 5.193942771656717383e+01
2.501330172849797862e+01 5.273555612340701693e+00 2.383697146432812719e-01 9.452073812167834468e-05 5.854762072249880892e-03 1.640974212677369926e-01 4.396206819451733416e-01 7.356372263075702245e-01 5.476063239881213462e+01
2.749120052278343351e+01 7.691936089327856330e+00 3.840371628746420685e-01 3.386001292063525844e-04 5.862687875332679710e-03 3.017393860586831789e+00 -4.517694575341804075e-01 2.170684849592332544e+00 5.700262484707677402e+01
2.577330904019470736e+01 9.951907918735420466e+00 2.200042244649974554e-01 9.983820674521602656e-03 5.823605706884232500e-03 5.477196266303252514e-01 5.338778222699152032e-01 1.405959859374266152e+00 4.971808004775095213e+01
2.798275660659555442e+01 8.846079335325820026e+00 -9.461273683840613902e-02 9.993392729406538888e-03 5.849119102482621194e-03 3.625513664560893634e+00 6.951927573514065095e-01 1.879759888907401644e+00 5.615875509136136401e+01
2.590192022989280574e+01 7.854996408541929043e+00 1.613533447148784161e-01 6.293774087934442089e-03 5.845166983424798790e-03 9.098987641823399475e-01 3.244411707129342126e-01 2.134616861314888148e+00 4.816173816966712451e+01
2.639254964299017558e+01 4.052277002181598142e+00 9.514543972024838703e-02 6.502217408826923076e-03 5.865719970289689014e-03 4.194745062957792925e+00 1.092772730486439858e+00 1.842187979172342338e+00 4.756103294128932646e+01
2.774565689008486302e+01 2.465881710384578263e+00 2.850043158444420799e-01 4.901948993709096718e-04 5.856469526489159992e-03 1.872151400545224664e+00 6.911149485956875615e-01 1.510130367248786465e+00 4.733733855420094727e+01
2.785574105490295338e+01 4.479426625503070802e+00 -1.870270386985879996e-01 2.202903910760389394e-03 5.855456206986756930e-03 2.954569395001305665e+00 -1.380966143804960300e-01 4.346489000677640213e-01 4.400940205222436674e+01
2.649865404532168967e+01 9.942305562759443660e+00 -4.718865933513138877e-01 9.989636085689581821e-03 5.842454945281346651e-03 2.997161404536434759e+00 5.387216044195155540e-01 1.645326615292479033e+00 3.723366360656395102e+01
2.805650052563490249e+01 4.512178493867762263e+00 7.044021092550957486e-02 1.078520572077095677e-03 5.823664359730481611e-03 1.525530171373032262e+00 -1.307237785883209158e+00 1.403615412162211973e+00 5.049932836163025485e+01
2.717502112508368128e+01 4.408531445646148406e+00 -4.944785584171602077e-01 7.842755764953541348e-03 5.852699216633675677e-03 2.933983088817898821e+00 7.379112312806350715e-01 1.813941823475445858e+00 4.625691665255706653e+01
2.538385253448611678e+01 8.703285833652303793e+00 4.276932755900055838e-01 7.886089754611769545e-03 5.880441343388499199e-03 1.498901468167679552e+00 -1.265379625830628685e+00 2.256961357447141658e+00 3.854755132923071415e+01
2.745806770069713920e+01 6.747888683839509127e+00 -6.629900212351949595e-02 8.895509207756360087e-03 5.818292292097527671e-03 3.536979485542212753e+00 4.568089056774216061e-01 1.910532020226377803e+00 4.277123758205591031e+01
2.851626748571017345e+01 4.343857583415219992e+00 6.055830325217489429e-01 7.841015064201106027e-03 5.852125338399084484e-03 3.724577681433442145e+00 -3.749220769181218493e-01 1.404091471313462902e+00 3.717820789660088110e+01
2.839984941738019586e+01 8.432351272897262717e+00 4.310196256821310218e-02 9.999536801077986772e-03 5.871311149949432796e-03 2.263310590430955838e+00 -1.280597600930088564e+00 2.456837800930303572e+00 4.358527299429086099e+01
2.772298179426761422e+01 7.466048045380503595e+00 1.855745324124219442e-01 9.999183807395679857e-03 5.828844987455824266e-03 4.457173637329582272e-01 1.241694339682304360e+00 2.428836369186627486e+00 4.968658634830186571e+01
2.609179541135942060e+01 7.108223383760030600e+00 -2.901054815636247008e-01 1.647252553312428085e-03 5.806354963545447105e-03 1.794583047297689804e+00 -6.861987096733122016e-01 2.919227383908121976e+00 3.945332329943605032e+01
2.537922191473184697e+01 7.245378119515299531e+00 2.299746890132877142e-01 9.696627547229941246e-03 5.832205479030078653e-03 2.484730737942452139e-01 -3.092144925618607321e-01 7.731070455203644665e-01 6.106474462057565944e+01
2.954947047826228612e+01 4.406939865791941635e+00 2.389268139445007155e-01 9.992278657227939009e-03 5.879596917750248147e-03 3.071740062277891870e+00 4.866582308576004046e-01 1.871272776340735744e+00 4.393804203588494062e+01
2.855296417194292502e+01 6.654716827935370560e+00 2.310378014780633815e-01 3.564700489337853080e-04 5.833638999182079454e-03 2.957000556865719165e+00 -9.491480422410902840e-02 1.139542094946226491e+00 4.036418750295325708e+01
2.768097148560091014e+01 3.565989035992137790e+00 1.440773584001985019e-01 1.194127374848375335e-03 5.881434177228980244e-03 3.762709765050719746e+00 2.984261852438014895e-01 1.169482824218550210e+00 6.749270289935067524e+01
2.778169194037693757e+01 1.055586441168046230e+00 3.294481844870947862e-01 9.868776918858835105e-05 5.878382506631532438e-03 5.578753696166327103e+00 -1.301048271116815203e+00 1.981785342105234493e+00 4.572428793697238802e+01
2.836246412684261031e+01 1.045815730127847232e+00 1.486961678759949335e-01 2.349932974088370238e-04 5.841933145343669066e-03 3.849155270947239416e+00 7.280767431662491518e-01 1.568702380250875938e+00 6.063507415779954357e+01
2.662952062795829988e+01 5.105690146674899843e+00 5.691656040761573082e-02 9.033625659986284362e-03 5.862795632362236865e-03 1.400934501043776370e+00 3.328980151977010138e-01 2.194554376955091701e+00 4.989989670808523670e+01
2.966444419011935807e+01 2.142401977476590336e+00 7.076317490904251994e-02 6.123749324549906427e-03 5.851789241901900022e-03 1.095996305982799512e+00 -5.873645710150094956e-01 1.630405873971536579e+00 6.027188686634398351e+01
2.718195621581912036e+01 7.097118530502297240e+00 2.490464526076540952e-01 9.123424732892532890e-03 5.803028545307831881e-03 5.357997302040074850e+00 2.419604871349649855e-01 1.540125750039107899e+00 4.578364966688530302e+01
2.769257122843881902e+01 4.410940449424682441e+00 1.828450763991205097e-01 9.991511733134183365e-03 5.850032127237985574e-03 5.686437364773992087e+00 2.692623259516682133e-01 8.300036591238263428e-01 4.117953956093441548e+01
2.938473269920466890e+01 7.721681565001198955e+00 1.006324778572625922e-01 5.805860731530715704e-03 5.817105298127325276e-03 3.637987011293521533e+00 4.287063752392281657e-01 1.217590252895122571e+00 4.440583637720698817e+01
2.540415623248489396e+01 2.178908763240869462e+00 6.936899042564783138e-03 8.344878432973672558e-03 5.835673219755562260e-03 5.395747304494885377e+00 7.139174321461352335e-01 2.071036299934151170e+00 4.286985743375561952e+01
2.556036860935641641e+01 4.031944520601411952e+00 -1.646627729134667872e-01 2.578323978160617161e-04 5.835721204908716174e-03 3.823203218139605841e+00 -1.051000175592819996e+00 2.248889610764854385e+00 4.877562025598851392e+01
2.983370692611941877e+01 1.086703498093797293e+00 -1.804127410403751908e-01 1.779201814685654390e-06 5.862821383391589140e-03 3.780358414792180266e+00 -7.849920917754481531e-01 2.751137346375920334e+00 4.847230071677089569e+01
2.897615652541033171e+01 1.108180250831773073e+00 -3.312113863120665080e-02 3.119627197166271760e-05 5.832729166067334402e-03 2.234710618253652470e+00 -3.877109937497404957e-01 2.154248549815632963e+00 4.475768687485422248e+01
2.679418869875156517e+01 1.358505372572475389e+00 1.674223434612285288e-01 3.981261190416414018e-04 5.808030073544083634e-03 4.016385014022289646e+00 -7.837759542796269852e-01 4.223666282991009324e-01 4.356405133592836876e+01
2.863691927678507554e+01 6.581755468555916089e+00 9.601400507168975085e-02 3.227202391897993419e-05 5.854589626463124752e-03 1.951477429750028803e+00 4.098895772411290661e-01 7.071855706289041921e-01 4.250765674684113549e+01
2.867176426647768750e+01 4.121287463982368671e+00 1.782826881453616341e-01 1.563829574605601577e-04 5.877958028287419250e-03 4.866669018507564282e+00 2.944965355459818745e-01 2.117686021665015073e+00 5.310227193197972184e+01
2.838878254129108925e+01 4.004212726677581102e+00 1.845298928723926590e-01 4.841367772081745825e-03 5.850591542294896960e-03 3.999819005324380949e+00 5.250334450296350042e-01 8.968340876197623546e-01 4.359277045982997123e+01
2.594028169899465297e+01 2.552249051219190878e+00 -5.060133153695141328e-03 2.752629539073092081e-03 5.835299832559062878e-03 2.776012453755913434e+00 6.211174749046377563e-01 1.084944500558727265e+00 5.089607324390065202e+01
2.928471270656082837e+01 6.646373911149452418e+00 -2.590470731165721019e-01 3.246536647682918535e-03 5.845651694355625400e-03 4.720961599933585440e+00 -3.276878784445249604e-01 1.819891815304148341e+00 4.070829484422549882e+01
2.554264633184070021e+01 9.650418332979091574e+00 1.115268135335643063e-01 5.975383689844546847e-03 5.804791429581152885e-03 3.751130612014744070e+00 -4.223691188060900714e-01 1.473474656193325627e+00 4.648367153900206006e+01
2.558587146606140905e+01 6.653288921931632238e+00 6.254811146204873884e-01 4.184961654712946247e-03 5.810940531706334893e-03 3.953833508440641520e+00 1.175923601749385927e+00 2.346870802001799650e+00 4.168237271505206110e+01
2.882877632390819400e+01 4.956071954558082027e+00 1.533801879980547511e-01 9.963531030043397754e-03 5.878667172857453792e-03 1.061962071749655401e+00 6.317394463697980633e-01 2.187599210821134843e+00 5.597861079665588591e+01
2.904554159674941261e+01 4.391621656736151458e+00 -3.282488035552018069e-01 1.296689998051590766e-03 5.888524282147657683e-03 1.811862391716422938e+00 1.424939164070524011e+00 1.759824401819362727e+00 4.552273658621543007e+01
2.638924322887519125e+01 5.378943501808193695e+00 -3.248841075667793787e-01 7.820842214683456500e-03 5.830268294438733373e-03 4.836132296253781604e+00 8.421176562499068652e-01 7.749392359877633751e-01 4.301912715949960386e+01
2.799452432113184486e+01 2.248136023337980571e+00 7.096687230964912607e-02 4.566453212676351188e-03 5.808571959997603333e-03 1.730766127568206914e+00 6.215218593790750035e-01 2.272445013307581030e-01 4.466826554879637001e+01
2.720404642974937914e+01 1.024828372438050028e+00 -4.356815587266514300e-01 8.305983642743899409e-05 5.819677887427803648e-03 3.911215360948656627e+00 1.119415660350282504e-01 1.804618395492939120e+00 4.252863879821440207e+01
2.538555989545250213e+01 7.542484482085299646e+00 -1.075602672955657674e-01 1.866518311501265490e-03 5.839809292588825189e-03 3.619617886703014431e+00 -6.170783113483297999e-01 1.183564635134085608e+00 5.604110798954680916e+01
2.589185124815077543e+01 3.654091968739720642e+00 1.836723782222149937e-01 4.112492876707000110e-03 5.870051685115432530e-03 3.714004752692975142e+00 -1.411634085026628016e+00 5.880268187344593889e-01 4.948809555744495725e+01
2.755582886972140955e+01 9.115569644027912588e+00 1.012001702515894636e-01 5.905239220364779870e-03 5.850333490943099637e-03 5.286428503291860537e+00 -1.073570972494642950e+00 3.087382663993730514e+00 4.485851094676732487e+01
2.577587975230320438e+01 1.055354057379020327e+00 2.629439157059410698e-02 3.781706311228450314e-05 5.828199360149923826e-03 3.643132154041343718e+00 4.893784620743759639e-01 2.464756136761618421e+00 4.430438600806505889e+01
2.665590863244493391e+01 2.804617175483047120e+00 -1.882285174501975855e-01 2.577844115692795764e-04 5.889297258427165886e-03 5.082940240325372727e+00 -1.067300570223574940e+00 1.066867827102862432e+00 5.358794525863280001e+01
2.796141731147380582e+01 7.303336973592668535e+00 2.566501470278582109e-01 9.998696538719348270e-03 5.841152392104426681e-03 3.101773706268539765e+00 6.419230521089405173e-01 1.773478699339655629e+00 4.030835964686066575e+01
2.686133386265683853e+01 6.076829837529105660e+00 2.260099866005318980e-01 5.392130994521271946e-03 5.865289958827605947e-03 1.856502030175656293e+00 2.967528355128978834e-01 1.909332620331494423e+00 4.416258718019442853e+01
2.552800746329477377e+01 4.829062571802246850e+00 -1.779007343253797419e-02 3.674440933591260894e-03 5.867940388455494642e-03 2.048646838101161549e+00 -5.643067426753811677e-01 9.427499211251931799e-01 5.871225387275789842e+01
2.729677829557590130e+01 9.961115933245766385e+00 -2.577941997491869364e-01 9.991933125642423266e-03 5.848158461951035586e-03 4.882084491925942515e+00 -4.046517410955736693e-01 1.007363367341694182e+00 4.327874151722384966e+01
2.879413471450884643e+01 1.142560154758609503e+00 -2.897529604105944512e-01 1.199888487599893379e-04 5.837983201402981680e-03 1.179474510512726004e+00 -8.614652798879727236e-01 2.470887875340098461e+00 5.243944933067280800e+01
2.646733715822024280e+01 5.214675568489544943e+00 -1.247529335758808672e-01 5.517622237966919412e-03 5.816494302392082039e-03 3.569603782381065127e+00 2.812746298357025054e-01 5.619412299881876294e-01 4.265270390723676996e+01
2.691950768924501602e+01 1.073798736717431979e+00 5.386131369852064088e-01 1.496171652019541952e-04 5.828436283665135859e-03 2.078629853368447744e+00 5.110511584319055167e-01 7.269635071584715780e-01 4.063615662046306909e+01
2.889255895631040261e+01 7.275247974350865121e+00 1.996014701678452685e-01 1.884694489760598522e-03 5.859462666271858175e-03 2.442206743225112664e+00 -4.257412478151954005e-01 1.260892632336714225e+00 3.883662360636981958e+01
2.856870276230607431e+01 1.079546611314590621e+00 -9.173810154551786944e-02 1.009957791032990921e-04 5.832879838139345269e-03 2.439181853258600707e+00 6.118222216777944311e-01 1.876207108814705204e+00 4.400547263664039122e+01
2.957730098342836556e+01 8.443117826739054976e+00 4.337647145902083778e-01 8.122508282489376255e-05 5.888538893270810204e-03 2.678916911547411850e+00 -5.349952019174670781e-01 1.849258596453070780e+00 3.720340675291967614e+01
2.831171611826268020e+01 7.244826451671512402e+00 -5.671467902000067868e-02 9.609019071723904487e-03 5.869748648620581009e-03 5.372645408234487441e+00 2.585782648094610003e-01 2.371308969005984757e+00 4.400589454719607119e+01
2.939832598886221859e+01 9.930456201656973292e+00 -4.067482806195815148e-01 4.652350156174598836e-03 5.825522505958097112e-03 4.879007199712766862e+00 -4.576601250241665308e-01 1.847756137470914162e+00 5.501161552699235102e+01
2.727497536141788714e+01 4.645697698543616916e+00 1.313488431821397129e-01 4.552178363762501498e-03 5.880281821476062744e-03 2.584898039139468473e+00 1.971947228763415438e-01 8.562584292686199472e-01 4.161975507171459299e+01
2.868555692742982188e+01 7.205963610581255452e+00 -2.405246013442666891e-02 6.730724217079381809e-03 5.802397349048893024e-03 6.872811187568134139e-01 -1.445860697148700691e+00 3.107812544761311413e-01 4.273171985536121298e+01
2.714995246536291518e+01 2.400607645976435389e+00 4.179655662944419259e-01 9.273152645043875736e-03 5.842816578760044906e-03 1.105976930807133884e+00 -2.450441753591836580e-02 2.610275768208492497e+00 3.712713207041511509e+01
2.778401073709674662e+01 4.989958667395010039e+00 2.250719158687338184e-01 3.984208173948793237e-03 5.833145381769454241e-03 3.661623446902993351e+00 9.185240195204431579e-01 1.677406535634289986e+00 5.103457728409193805e+01
2.706279398573318318e+01 4.631256396723399504e+00 -2.208020537891417223e-01 9.880447966623535222e-03 5.815824206262360310e-03 4.330103272185565899e+00 -9.323262680308377348e-01 6.246835613584921232e-01 4.955032167500284856e+01
2.934675992083625218e+01 5.403784174221985204e+00 -2.923438714285024262e-02 7.762343505339978737e-04 5.858400995206220971e-03 4.813700593622588286e+00 9.192997322593261522e-01 2.237134583988362291e+00 4.441568488776184154e+01
2.644624311686094487e+01 9.769806474912597238e+00 1.226096039225972739e-01 9.782247834467128200e-03 5.852327934323235149e-03 1.805724528886549551e+00 9.245809654867320759e-03 1.991325111294034667e+00 5.148510799646602720e+01
2.763112681806702753e+01 5.735575488716912140e+00 2.471763969414323969e-01 4.851559194650558772e-04 5.831008544405791652e-03 2.902700000438422023e+00 -8.930689440349803832e-02 2.408077494688015463e+00 4.340621860802232135e+01
2.722813384225935351e+01 6.772421973373170090e+00 7.420649832355044606e-02 6.311997896246558486e-03 5.844400911180946262e-03 4.528075423879009520e+00 -1.025872328088435870e+00 1.034365977033627981e+00 5.042792064726407375e+01
2.744778430997205732e+01 4.713452586734488747e+00 5.828791791073387185e-02 3.409370115177887735e-03 5.869394525086541956e-03 8.083652578529647581e-01 -1.375431916071197858e+00 3.047229505553181284e+00 5.954193267513592502e+01
2.816181483853985767e+01 6.135129684979179210e+00 4.729792588133961972e-01 7.350615610842072684e-04 5.867140174235771499e-03 4.142772763325378804e+00 -1.499846345684610283e+00 2.083196113935078753e+00 3.790415837679402955e+01
2.641992232863721313e+01 3.282266725071631974e+00 -1.123856870696592763e-01 1.845568038265840163e-05 5.865286047158484520e-03 1.128981320685582546e+00 -4.883304320965957679e-01 7.378309727898542114e-01 4.017420659942682448e+01
2.921031274547912560e+01 8.042740563344992211e+00 -1.881682237658766910e-01 5.677253894315428297e-03 5.847200369852952398e-03 1.703763346044302907e+00 -5.547836909321766097e-01 1.991571324818518507e+00 4.363448480392789719e+01
2.927901427388472655e+01 8.480062853808389534e+00 1.930363156193632967e-01 8.358945758212414298e-03 5.818384947632317464e-03 5.062002286736380086e-01 -8.236513339270176148e-01 8.274854457720572931e-01 3.938480751439042393e+01
2.918285168827210185e+01 4.676213345321926340e+00 -8.948258939899526865e-02 9.400267290722654628e-03 5.825663942320143812e-03 2.071422146936352515e+00 -3.985657432252358578e-01 7.187677456667828091e-01 4.058450970334955343e+01
2.700356568619708852e+01 1.398284109364277050e+00 4.564784620752197486e-01 2.742882259269825533e-04 5.809811889925819463e-03 1.520416973865999610e+00 -8.225323533569779411e-01 1.467932848341256813e+00 5.305244456349713289e+01
2.665820185163014955e+01 4.854077483700197426e+00 4.071793052063900631e-01 8.559016752802789743e-03 5.831799428940256935e-03 3.514822362607926021e+00 3.459767093425729634e-01 1.388280507867971414e+00 4.772213309178912510e+01
2.946610494629299382e+01 1.050106389227247528e+00 4.756992263444313751e-02 5.466340816590453276e-05 5.837351962070292527e-03 3.174475003149892949e+00 8.327447692574434512e-01 2.881106526001259827e+00 5.781540688639545067e+01
2.888815246588526264e+01 8.735646436959617844e+00 3.930208444483598296e-01 9.996876990031605334e-03 5.804517372540410336e-03 3.812763179221096088e+00 1.047641762801950982e+00 1.443935436882226808e+00 5.595129367616728899e+01
2.830496734844239271e+01 6.936847395553403572e+00 2.423437763094933306e-01 6.909313663109367155e-03 5.846283722468442572e-03 3.077306197695260259e+00 1.658615052392267142e-01 1.728811053928987373e+00 4.613632210350404961e+01
2.778209926526675133e+01 3.879527981212510301e+00 -2.818042800179171303e-02 9.894553419015631596e-03 5.848951283084653611e-03 3.009190044848964352e+00 -2.163036143590548743e-01 1.718695375982952411e+00 3.739193895338780038e+01
2.649181270498435481e+01 4.213645507345465724e+00 -1.258796897082495592e-01 1.321425099299522910e-04 5.879207689749321036e-03 2.284684988252026372e+00 -1.015141705777850678e+00 1.567207077685614625e+00 3.951812981904464550e+01
2.579544883400251010e+01 3.592498633143057063e+00 -4.578845644473440030e-02 5.911378171571160636e-05 5.898726631349787523e-03 4.958716935494661193e+00 -5.876205940875789402e-02 2.418290512139082526e+00 3.573293590126184682e+01
2.521510445880402429e+01 4.655537596062576888e+00 3.029071344135540050e-02 7.571060962282348539e-03 5.842056898941259957e-03 3.448377053425006000e+00 6.648759700935196193e-01 1.643437043959983468e+00 4.361462520883547000e+01
2.756890922727438564e+01 3.443336634249434702e+00 4.775125507635755336e-03 9.041620338606002824e-03 5.835055921162975341e-03 4.659294056287922814e+00 4.476375291261271983e-01 1.963059787368996778e+00 4.476151696986554640e+01
2.855081002991013861e+01 7.162039950362466101e+00 -2.980528744641522398e-02 1.962678385070694767e-03 5.856196165273494687e-03 2.877899190411329577e+00 1.096929649351910285e+00 2.182783043999903416e+00 4.516823409157265701e+01
2.729913088565020018e+01 6.756719717108520484e+00 3.032660610098565357e-01 1.067432897241908742e-05 5.887558969092057670e-03 3.972330858830759759e+00 -3.263728678022581597e-01 6.724418345686881127e-01 3.890162175548324797e+01
2.877566804176717596e+01 7.524362993835723046e+00 2.589524271448143677e-01 4.828135324028218212e-04 5.822858280159262309e-03 4.514204497449677000e-01 -4.039908105954379547e-01 2.150753677073114822e+00 4.666931477969635012e+01
2.879415093490850097e+01 7.510348322068252536e+00 -1.796038504289711180e-01 9.722607912619094309e-03 5.858174274663003125e-03 3.467218763117457137e+00 6.126404444924307136e-01 2.085932189281301419e+00 4.950228779577633986e+01
2.585227871656095999e+01 7.118636186260110854e+00 -3.190645308499147070e-01 6.993605811209088578e-03 5.820655633761196400e-03 5.061945855349633483e+00 2.306625861696329771e-01 1.967086891320986020e+00 4.786195649309894407e+01
2.963262757843469331e+01 8.060886977781633433e+00 2.537902290778908942e-01 9.996015961471559075e-03 5.884051903136484386e-03 4.722273917067593807e+00 -2.323596719411877842e-01 2.197207309400208253e+00 5.575324530861865213e+01
2.720657298998041185e+01 4.454246867265334586e+00 -2.836288307279867804e-01 8.327657582537818792e-03 5.841099585147662733e-03 3.298020451052032787e+00 -1.143640731560664259e+00 1.801792817604071173e+00 4.507215365399738261e+01
2.854289715276663131e+01 5.330498922259205408e+00 1.989870330195772086e-01 3.030733890028068905e-03 5.862045517593656059e-03 2.844098436645431160e+00 6.467830629057882419e-01 1.389449841072939229e+00 4.702830414009432047e+01
2.834407089679744729e+01 5.226246899128646817e+00 1.162546551224604569e-02 1.811359138479359289e-04 5.849037588544049940e-03 1.265047865765562829e+00 1.676526425914821594e-01 1.606204407449405736e+00 4.303875344839360650e+01
2.634455469334345068e+01 1.598195856027380346e+00 3.424554696241029483e-01 1.298501801069501180e-05 5.885986101116368920e-03 4.143577181971663137e+00 -1.176480199021650241e+00 2.190012867540143127e+00 4.572848686118712180e+01
2.675276812430941575e+01 6.303959870555192246e+00 -2.699292797946084010e-01 8.035376552019312529e-03 5.853615046794591152e-03 4.601984792112063793e+00 1.147074160328454440e+00 1.974400715426576136e+00 4.448742326728738306e+01
2.747516424550121172e+01 4.748731239301116069e+00 -1.364799051448006562e-01 4.474385625230402005e-05 5.822999124579857425e-03 3.688768582684730291e+00 5.021779425329238045e-01 1.250251224216509804e+00 4.517256851711008636e+01
2.765521701376318831e+01 8.563006790011968405e+00 -2.666870973753662083e-02 9.990807431223444959e-03 5.889032394045240655e-03 3.658780423245955316e+00 -1.165410446591166327e-01 1.747051207419277663e+00 4.941106763652459932e+01
2.803338987440067953e+01 8.762835099323607935e+00 2.280354153294984754e-01 5.485450138546328278e-03 5.818283413905873599e-03 4.670705510639312941e+00 2.388792670738819623e-01 2.151622201873986562e+00 4.091013947954406405e+01
2.869914891312069471e+01 7.674145903790094536e+00 -4.859969932321147601e-01 1.145395873683174859e-04 5.839898795822519480e-03 2.971325367749012347e+00 -8.562288686047762054e-01 3.070059441348135465e+00 4.892329670173602807e+01
2.852225070313649269e+01 1.086209486161855864e+00 -4.208081021807413141e-02 1.729890536950330594e-04 5.850853253236736745e-03 3.121720705860584477e+00 1.177394581941055396e+00 3.600617365824378968e-01 4.948152477154122408e+01
2.780408236129826705e+01 1.367868625192828480e+00 6.984035879757953535e-02 6.633490837641676206e-05 5.840157810223067791e-03 2.549306469295487876e+00 -2.512383194155163313e-01 1.012337763528679879e+00 4.851556463862744550e+01
2.525349355923995631e+01 6.272651857954438803e+00 -1.696067317766066229e-01 8.869595743372829522e-03 5.821519958707735420e-03 3.140651285195431797e+00 3.770388323933295815e-01 1.898174966048904677e+00 4.358226398603518703e+01
2.857275584009393654e+01 6.610787319327315004e+00 1.748716001789986721e-02 2.138709543388463922e-03 5.821822750860882086e-03 2.746424681334415752e+00 1.183914992418823253e+00 1.226865725090671377e+00 4.271920405182551406e+01
2.952441116095359064e+01 1.820998639292668919e+00 4.805421779602352811e-02 4.954989363886692184e-04 5.847549855874776929e-03 4.143930543535702782e+00 -1.218359719073385028e+00 2.325689898069585482e+00 4.856035064825181280e+01
2.635123983992381014e+01 5.362422824282823797e+00 8.275642905440363031e-03 2.246762099858821971e-03 5.864994134359298970e-03 4.115804771680741325e+00 1.634388676464169077e-01 1.401854342415749910e+00 5.356709966387238353e+01
2.753193400248561318e+01 5.687709329995867868e+00 -3.054126933491679852e-01 1.734034599239838055e-04 5.866498363775080743e-03 2.915860828522999437e+00 4.703347471170933325e-01 1.322912780346610528e+00 4.697467432502611473e+01
2.557520940684898392e+01 8.550620377673881833e+00 3.529077480759717500e-01 9.871401914227683275e-03 5.876311020130592019e-03 2.495710951419233048e+00 -3.911639478388173607e-01 5.717020910292258673e-01 4.149882611551275602e+01
2.813087767007478135e+01 6.460742292757777783e+00 3.655269336374286637e-02 9.997985096568628993e-03 5.859773483997592416e-03 4.352290314619669864e+00 -6.175483458979680318e-01 2.420269465802050046e+00 3.975095333755686511e+01
2.858060090084724081e+01 6.630886259142335426e+00 1.745007980153600591e-01 9.925316243720326906e-03 5.851893264311526163e-03 3.907526888598706005e+00 -1.602192286091421725e-01 9.083636114853677057e-01 4.536295393825012923e+01
2.748941889567506536e+01 7.080009923668496796e+00 3.007199272032641188e-02 6.464032576275407366e-03 5.837408572181464195e-03 3.651620473349972418e+00 -2.832125046036695348e-01 1.903916116482101906e+00 4.403984190179054536e+01
2.641488658283549285e+01 2.595238473026727721e+00 -1.671983445484403197e-01 6.951468795367377572e-03 5.847999483720079175e-03 5.095661289886059819e+00 -1.209993182933688516e+00 2.063669609555867535e+00 5.202219134980508386e+01
2.943003865075824166e+01 4.483739248450977932e+00 1.039219672454273630e-01 5.865033459155660073e-03 5.829193521371519617e-03 3.911253934082354444e+00 6.422242977679566422e-01 1.091551603780891222e+00 4.892711308593874264e+01
2.534227423519797995e+01 2.680709400336846127e+00 1.040109932771100809e-01 9.998622785731530599e-03 5.826494643419428618e-03 1.460886591256211009e+00 -4.141968543535465841e-01 1.092969029352069743e+00 4.797729922282212556e+01
2.672870438441701779e+01 1.483363801250040304e+00 -2.326736758333045052e-02 5.062870227233166767e-05 5.841414160718969885e-03 1.833206868411768165e+00 -6.882468833147270537e-02 9.281214736783697239e-01 5.347337663192399759e+01
2.560820543332155097e+01 9.328685027585017053e+00 6.411965334441802056e-02 4.113592324156943592e-03 5.833065179749082063e-03 3.857384631658999030e+00 -1.524529500145287653e+00 3.109818776626578352e+00 4.388456613211145907e+01
2.890050164874150695e+01 7.140969863869924161e+00 -1.818862844490254926e-01 2.403492778176292928e-05 5.871345733052289913e-03 3.050123413391791605e+00 5.651583730898539493e-01 7.964779508827887211e-01 5.473879812210718399e+01
2.690967947388922710e+01 3.790208969253249016e+00 1.238081467442821437e-01 1.717215988977707471e-03 5.859277805827275108e-03 4.645089626159514040e+00 5.589140609108724789e-01 1.189087117335974275e+00 4.889801036545276958e+01
2.511496051448185440e+01 4.337970880872321189e+00 -9.645935638828352643e-02 9.989449425590454443e-03 5.846589931384809681e-03 7.471263579600270210e-01 1.445880967104777870e-01 6.906915413390334324e-01 4.447373023802551728e+01
2.765871605760743179e+01 4.912747611188125418e+00 3.636181737735572073e-02 2.938395053381072028e-03 5.843353945433327028e-03 4.349723762320116371e+00 -6.688751274541239189e-01 1.853304746340828979e+00 4.913437386263120743e+01
2.779821656197127666e+01 5.489249296880118756e+00 1.406382215103543776e-01 2.867366829131110656e-03 5.822788894329400215e-03 2.878181925661648322e+00 1.857899518423657970e-01 1.115873202634183992e+00 4.296256728562190119e+01
2.699525243535211416e+01 4.887875809459016452e+00 3.763781492410143981e-02 2.957671218041593719e-03 5.883298732177544635e-03 5.050628310486324324e+00 2.353683034632942928e-01 8.382999949553171515e-01 4.287279628773699613e+01
2.821137021720760174e+01 6.470650609222865057e+00 2.487768033460104056e-01 2.581769248791747871e-03 5.870571371042129089e-03 2.147807305529537469e+00 9.683823345091928658e-01 1.231151289207315758e+00 4.005352501735281123e+01
2.956844201847642850e+01 1.782302813600418423e+00 2.313877465429590718e-01 1.709156519059851394e-04 5.864204350890711917e-03 3.006676537128560422e+00 -8.863921685347717627e-01 1.350422976187739321e+00 4.074857552227225455e+01
2.796496521485804720e+01 5.059441435278645649e+00 8.525338796484457915e-02 1.093308062166005988e-04 5.844455131956808464e-03 3.040610764284193301e+00 4.852955289628639868e-01 2.082135051512234103e+00 4.575685402406896429e+01
2.980000871876994140e+01 9.348070314451565110e+00 -3.158807345130133781e-02 9.939530409848240655e-03 5.850263140473561246e-03 3.768417015933474001e+00 8.371006548003498970e-01 5.784591579838287423e-01 4.813152991893538513e+01
2.639144856581060239e+01 4.909814643929556688e+00 -1.702374757644537495e-01 1.094450357873528405e-03 5.872886599268679723e-03 1.070096740020056947e+00 -1.374142330165213366e+00 1.514647541766860117e+00 4.262311516269597433e+01
2.695166688979851699e+01 6.742529098881138161e+00 5.775779592886266106e-02 2.527680150219258938e-03 5.888802645015761561e-03 3.302921230119430618e+00 -7.976718133279104839e-01 3.110422101601689970e+00 4.455026444285673648e+01
2.843792081878601508e+01 1.010004432769875615e+00 -5.044051545871431480e-02 4.613039019832077636e-06 5.818737404358368011e-03 2.931310377479832141e+00 2.086828888890914779e-01 2.275690236715047110e+00 4.087762958016861603e+01
2.893713840895157219e+01 6.404226392002722257e+00 -8.206463293736152020e-02 9.996969627793497390e-03 5.843328292296996566e-03 4.152976530981894676e+00 -4.462778528847179960e-01 2.600187170383209345e+00 6.050994283650213390e+01
2.564719117510168545e+01 6.829754509517776739e+00 3.432838120763103684e-01 2.316108508293084154e-04 5.867965647104483005e-03 5.467423152495908489e+00 1.294900553719696035e+00 7.311835015982842689e-01 4.541546542787709484e+01
2.927682903567426109e+01 2.345222631779507516e+00 2.626719865240057517e-01 7.329949245737768558e-04 5.850639390185118950e-03 2.997754105499921717e+00 -1.347345445541829001e+00 7.411688622105410129e-01 3.634047605701540107e+01
2.807496427785626381e+01 5.750460726939041756e+00 -1.175293393880017800e-01 5.954231825756252372e-03 5.846697131844841994e-03 3.996969314469126289e+00 9.747812806674369668e-01 1.598641613472213230e+00 4.834848981410702606e+01
2.630184013920489505e+01 4.821957211601082705e+00 -1.934636664608390955e-01 7.423366048608387099e-03 5.843256394619066388e-03 3.380202327323860612e+00 1.437522595983020679e-02 1.847824971699789209e+00 4.857240699944304652e+01
2.762657803012840319e+01 5.809411104361473122e+00 7.165651288493223026e-02 7.209628948565472741e-03 5.810337568928434365e-03 3.969053069749809648e+00 -3.096964746397417034e-01 1.049815444973890344e+00 4.879176459693979240e+01
2.957796523381985310e+01 6.600502867932943829e+00 3.994971207786708889e-01 9.942671581575496242e-03 5.872477375317227896e-03 2.747718748013987966e+00 -4.856215648465582735e-01 7.251680056815990039e-01 4.198165567671433251e+01
2.888857306157669669e+01 1.815020869341704035e+00 -8.694226506639912699e-02 6.123871542861145274e-05 5.883290620959552228e-03 2.003478742080316621e+00 1.292495462043040888e+00 2.188144511686564542e+00 5.168417951360894591e+01
2.842665353208736789e+01 7.566896874099794168e+00 2.203516035402339479e-01 5.884901913759406193e-05 5.862543145507091193e-03 2.048750862591091515e+00 4.816645920229891686e-01 1.052407011153037031e+00 4.361205916372381353e+01
2.943038190410035781e+01 6.127017148526841872e+00 -4.373786694838598388e-01 9.977218443474822340e-03 5.877051206623650804e-03 3.442966419504160935e+00 -5.994254973535977360e-01 1.456167629353181781e+00 4.664012702982536496e+01
2.746101470113060472e+01 9.716786593675806216e+00 1.629581783936730477e-01 8.280068597518690579e-03 5.843683838667548293e-03 2.082069912281522051e+00 -8.748052573082271133e-01 9.799968135624211873e-01 5.670137249900000143e+01
2.626549681200450337e+01 8.202390261921420844e+00 -3.330116118952174964e-01 5.601291635067010694e-03 5.882096249372486055e-03 4.083654407630074701e+00 -4.452468224683201470e-01 1.996974646369749529e+00 4.363362302489765199e+01
2.949193082368896057e+01 1.571196345850438547e+00 -7.848698300958466267e-02 1.069851860558848980e-04 5.833403503930321976e-03 3.406384207293353228e+00 -7.341043584605426719e-01 2.256781255242822137e+00 4.968088590532704529e+01
2.743272741509130697e+01 9.897898705028527644e+00 -1.703204843515514211e-02 7.189817762441352497e-03 5.806594151129181210e-03 4.617058325238567740e+00 3.024911946028518983e-01 2.386908896591322105e+00 3.780988981734132892e+01
2.816163280941594493e+01 5.292891471995918806e+00 -2.297013980049057366e-02 4.422148813937052184e-03 5.872787201911069434e-03 4.363111356658269990e+00 -6.214894889812795364e-01 2.387776914898190661e+00 4.805527416578289746e+01
2.762691950855307255e+01 5.089270772875304161e+00 3.412449144345053309e-01 4.154723879165387983e-04 5.857768516810873786e-03 4.932374108344744990e+00 -5.343404919989653834e-01 1.548565328674031516e+00 5.314823073660893016e+01
2.960575303627393851e+01 5.061651881849902779e+00 1.618115059382753962e-01 9.999333121787671100e-03 5.846441619588282554e-03 4.705219496880003405e+00 4.701922548527961432e-01 1.631033485389368876e+00 4.218586600260140784e+01
2.758640748311800905e+01 2.123599281061292920e+00 -2.109450249303741753e-02 5.238633240457544853e-03 5.865459028356891438e-03 4.509084485353753280e+00 4.076796869033878501e-01 2.343418193722501819e+00 4.869147742027803361e+01
2.574226530433019988e+01 1.948747825001536871e+00 -2.433663579656210607e-01 1.530113146687349054e-04 5.895536121999048716e-03 2.828392713102659606e+00 -5.519973387410657129e-01 9.482342130629297650e-01 4.316220359135368057e+01
2.843133134287296926e+01 5.242262224573750906e+00 -4.385898693992282826e-01 9.997999626913573606e-03 5.844921975469831964e-03 1.205289584361445510e+00 9.830105447445824929e-02 1.785114568460528961e+00 4.733452899838864880e+01
2.821941307620157602e+01 6.650453896482254379e+00 -3.844021784458175328e-01 5.297978137364101059e-04 5.884708594453252894e-03 4.023629854825017560e+00 -7.668956575838686840e-01 1.759074409039677711e+00 4.573443426299586179e+01
2.505034571297211343e+01 3.449710231412135730e+00 -1.775599863186510530e-01 1.202105442014599805e-03 5.840750786988752399e-03 5.464095697522607153e+00 -4.699555751388522218e-01 1.345961168274306896e+00 4.445056550735901624e+01
2.503682852511796497e+01 7.291773181621401534e+00 -4.059731785880228982e-01 5.239194215766159249e-03 5.895942163604252044e-03 4.820331017032391863e+00 1.453618638742303126e+00 2.637063411365700993e+00 3.941907036771907258e+01
2.648470406335804839e+01 5.484620971392843991e+00 -6.184760678893467395e-02 9.998294782302836678e-03 5.843565487354455620e-03 4.922148461024633548e+00 -5.777995161165031535e-01 1.589270464275602590e+00 3.960680163733278647e+01
2.834098014919191399e+01 5.521008035065150032e+00 -2.323449564947488999e-01 4.916998757133763352e-03 5.837619064986995440e-03 3.125871565248466322e+00 -6.512128846319019670e-01 1.870006818390354209e+00 4.070863541578884792e+01
2.878116149116993938e+01 5.939340702517116988e+00 -1.511455659525241246e-01 5.434416322141768466e-06 5.836156046767130429e-03 2.695290919949264175e-01 -5.629711087030377925e-01 8.177117273044989254e-01 4.465972019215168842e+01
2.896510188544908004e+01 3.566514756196842217e+00 4.359875294206159158e-01 2.264674825839167824e-03 5.841920673227540134e-03 6.140627882002985594e+00 2.618280762931730621e-01 3.111036380341966057e-01 4.943813488806519985e+01
2.885855351315375472e+01 4.816418255141835303e+00 1.697931595418527839e-01 9.485947925721216478e-03 5.800283097463857993e-03 1.718738749180579006e+00 8.173700584156344817e-01 1.305097764122729487e+00 4.159167050002530885e+01
2.699277824715480989e+01 4.958127700501671953e+00 -3.303758924286506193e-01 5.587903880215600895e-03 5.857988941927367438e-03 3.987165009254006076e+00 9.404546166506411176e-01 7.618312087889267392e-01 4.532547991684738520e+01
2.837778473381560218e+01 3.831186848210156093e+00 2.592941655207801066e-01 4.759223485557991743e-04 5.889526898207547365e-03 4.338268954804553879e+00 1.887204785370386606e-01 2.002091542779367295e+00 4.691791762544108479e+01
2.787573221309023808e+01 4.894142695735467008e+00 4.479173017488753683e-02 1.080345109241626844e-05 5.827411583819296949e-03 4.183775664638566205e+00 -7.485678730264212488e-01 1.707049790044214976e+00 4.575471229436737275e+01
2.803079142722878814e+01 5.344573417672576987e+00 -3.139766630641920298e-01 7.836976957745558914e-03 5.811198544034554443e-03 2.307705605808942462e+00 -9.937078486518458043e-01 1.800249885264010086e+00 4.013556836635684277e+01
2.835737802702671928e+01 5.985380717028276898e+00 -1.121097347476289058e-01 6.525441969431481151e-03 5.849047229161346596e-03 1.552579618128716366e+00 -9.125852535157855661e-01 2.030527121659747802e+00 5.557778519332013190e+01
2.607794825689287421e+01 6.014914299859520419e+00 -1.499577456998535119e-01 9.834801584132865995e-03 5.884365833757679125e-03 2.558956968694948486e+00 1.361745498975162061e-01 1.087622957754793340e+00 4.181628016813951376e+01
2.817361059242879406e+01 1.015226153085764471e+00 -2.274504445249786178e-01 4.125596309364525706e-06 5.887042197798366544e-03 5.214283974593099558e+00 -1.234876835084344204e-01 6.265257273675784999e-01 4.830314241289821808e+01
2.570705619114655960e+01 5.686835286087522867e+00 -3.230984069892101074e-01 7.085409089723515054e-03 5.882357583504083977e-03 4.000666916807571027e+00 7.383552101920622945e-01 2.440765204287060897e+00 4.387115621979280888e+01
2.910277038313792275e+01 6.957188012176221292e+00 -2.514179099583587762e-01 9.977830659348143824e-03 5.860771693518891483e-03 1.294944008371776922e+00 -8.351921835014022300e-01 1.719190434800716316e+00 5.067097985718113051e+01
2.929430987012551668e+01 6.429388973013698383e+00 2.399901747367167992e-01 1.311632652266764331e-03 5.821678108280283447e-03 2.126730791244359597e+00 1.804098176098325457e-01 1.706488671887620878e+00 4.497928335981882242e+01
2.646496047732563639e+01 2.897235256098983580e+00 -7.855219896977902461e-02 4.000520355601474079e-04 5.834177970127044956e-03 5.467821411075666660e+00 2.055798013719640771e-01 1.042293612348620391e+00 4.056410292547559493e+01
2.671507750613478294e+01 5.519260373184729396e+00 2.883808154458442075e-01 3.317035233225362496e-03 5.858152304821524076e-03 3.279624620644522093e+00 1.599581199413535604e-01 7.244096351755506813e-01 4.987904120108261452e+01
2.688420925344077972e+01 4.993352555948836091e+00 -1.805647234661582612e-01 6.599804895387015747e-04 5.846987406739246121e-03 3.459588433400845098e+00 1.106358083741436626e+00 1.534211145353976846e+00 5.233429479658789063e+01
2.797332226914968700e+01 4.374803749228812322e+00 1.041789252438703600e-01 2.004817883892881595e-05 5.871080745844947310e-03 6.272843818451722342e+00 4.069841005323571181e-01 8.539146907563684996e-01 4.552304039663148671e+01
2.730358530968054964e+01 5.919385899573787135e+00 3.422771664360779037e-02 2.835338151890964397e-03 5.888884257476865829e-03 5.520959834818238043e+00 -8.053346248742733193e-01 8.312792736760310497e-01 3.899613398233061901e+01
2.845946879165008880e+01 3.872575895680709923e+00 -3.314077193433624391e-01 9.998948828881176060e-03 5.852625665083843222e-03 3.867136531711091507e+00 4.607457700284873781e-01 6.245084807089995582e-01 4.672360610141434734e+01
2.651158851726275500e+01 6.275236828826999513e+00 -4.035892658980160252e-01 7.914529832317820576e-03 5.856407650827999238e-03 1.259015178611791352e+00 8.340600372292490405e-01 1.136484438860383861e+00 5.468782231320570730e+01
2.726174435557380704e+01 3.694048227951784558e+00 -1.362593815478123638e-01 4.840326501930745061e-03 5.877381930736681401e-03 4.867750581364242102e+00 3.089484408768345958e-01 1.755727846134111925e+00 4.595492621967224522e+01
2.917941680949832417e+01 6.988062429533419717e+00 -1.462397812643681516e-01 8.426517508971597195e-03 5.835155694419406382e-03 2.576046108584591821e+00 3.146959519350911449e-01 1.483724398594779226e+00 4.492873800777673665e+01
2.789700236988623416e+01 4.550008738938522868e+00 1.785854834719939332e-01 1.022069334785890432e-03 5.859503755382270904e-03 3.524336516219928939e+00 -2.431318477664439204e-01 2.115874759228505209e+00 5.024793635390791025e+01
2.797182029887208898e+01 1.719286247211339935e+00 -2.032834856837072990e-01 1.728037271238854269e-04 5.874565125353004014e-03 5.702488363847558972e+00 6.663047220184079578e-01 1.773852696623527736e+00 4.559421425036419606e+01
2.608070671953588970e+01 9.756159078890263459e+00 3.317755551567823369e-02 9.974048656416333730e-03 5.822240765216903959e-03 4.188908862410885448e+00 5.776081091672153889e-01 1.865052502180333471e+00 4.714290618224547558e+01
2.992938268962532078e+01 8.787174907129132961e+00 2.024142035699086350e-01 9.992640787775702860e-03 5.880790485064441193e-03 5.567735971294508701e+00 -2.689401092179277697e-01 1.750132971764374101e+00 4.155523769376081589e+01
2.833105144473956472e+01 2.728722576328789007e+00 -5.814862370073240611e-02 8.167221707060894759e-03 5.861649204298986608e-03 3.151283305326825879e+00 -2.737292869722076638e-01 1.485798177545973209e+00 5.104222386378321374e+01
2.893782087413172377e+01 2.008879542226224224e+00 3.587851817319222258e-02 1.248620243108415325e-04 5.847989075824466983e-03 1.218179513964676941e+00 5.450058095119034718e-01 7.313880230608228450e-01 4.024003566365323081e+01
2.604965742354824698e+01 6.585890633783337833e+00 4.654533377799718874e-01 9.998567209251910809e-03 5.877967551453320942e-03 9.179084594091215799e-01 1.133427396152958622e+00 1.670659883971701065e+00 3.526974139973328448e+01
2.894314939229266059e+01 5.250980452905191775e+00 1.956907375784268655e-01 2.351446416118227641e-03 5.832647227353010382e-03 3.315184581189654978e+00 5.829077423329778185e-01 1.109053618403426533e+00 4.085639821708436870e+01
2.735869173656857711e+01 7.130904318033643996e+00 -1.934336275353268353e-01 3.310407615947572046e-04 5.858437421707435658e-03 1.905295439699367988e+00 -1.417796183605978477e+00 1.515815270831221584e+00 5.234040468591934570e+01
2.667136478139998346e+01 4.290598914417212306e+00 2.925709775185303951e-01 9.822065443282896116e-03 5.859877444890187505e-03 3.871540918705347778e+00 -6.609605942682124091e-01 1.219284461724986723e+00 4.506828281982072326e+01
2.688793228570121840e+01 5.799890041965561238e+00 -1.634784410624460782e-01 9.999126749147015797e-03 5.875675661217025919e-03 3.783787150829830637e+00 5.868694741757041200e-01 1.644380269071635536e-01 5.952005687482593288e+01
2.766498725048542440e+01 1.017198678241580279e+00 1.872922711546510799e-01 2.200740394177482613e-05 5.891686963510058342e-03 4.566711430551855244e+00 -1.517051641883713442e+00 1.055460710535949920e+00 4.363447677762210475e+01
2.656266001386387288e+01 1.991278266621454573e+00 -8.283962694880214750e-02 8.300450512321389321e-05 5.892012742889177548e-03 1.002389138491804443e+00 3.466455271385586734e-01 2.064403488407108522e+00 4.027957380858089920e+01
2.682755788622243642e+01 4.367449096913559536e+00 5.177581225650724345e-02 1.913759683074592289e-04 5.830750113841178667e-03 3.072211760271139180e+00 -2.200415389013354872e-01 4.292833947117420390e-01 4.639196962698687798e+01
2.657096745609971222e+01 1.024841180190057655e+00 5.388410353717938694e-02 9.152284141376587363e-05 5.830512502765820664e-03 4.732729499060978284e+00 1.234282441356656435e+00 9.684272157765968503e-01 4.217101480718650208e+01
2.607372218196696423e+01 3.954700287094885081e+00 3.313106896678897351e-01 5.742984900371062533e-05 5.849374550629620959e-03 3.652227164122817005e+00 1.223949561731361158e-01 1.572169790241576992e+00 5.472388527901487265e+01
2.712489285203954736e+01 3.744594659056216912e+00 4.874021873897112916e-02 2.144036002876210326e-03 5.804517011314278864e-03 3.375692880170091836e+00 -4.296217098296351011e-01 2.416348727303375465e+00 4.516757847214444155e+01
2.956624734006915389e+01 1.633720665068026712e+00 2.544428102895764376e-01 6.148119849725477981e-04 5.868239594500244093e-03 7.931975665466398651e-01 7.195045991384922957e-01 3.864399592109304393e-01 4.248215899352529590e+01
2.863376664823002216e+01 1.032114409221467799e+00 2.357019105910426737e-01 1.777766207528443094e-05 5.862122313830985497e-03 6.139832433465460149e+00 2.391437496143247188e-01 1.390556504269541138e+00 5.051875418013792540e+01
2.651658498649567619e+01 8.793222315480083040e+00 -6.206049929444643065e-02 3.825369109564155396e-03 5.826363596217367345e-03 4.481524748413470149e+00 1.382765181515576813e+00 2.928915238506869301e+00 4.668114457626446523e+01
2.880363827156889656e+01 4.089246185316040005e+00 1.570365975093518940e-01 8.107451006584494996e-03 5.881038478569347236e-03 3.630549439710009541e+00 -3.161906860964727173e-01 4.538499360154215068e-01 3.934433581285165360e+01
2.854670449150442124e+01 6.042852646867369337e+00 -1.672953853915102873e-01 1.626938909969063724e-03 5.880781641107232262e-03 4.174859800799474385e+00 -2.207157044139937963e-01 2.127039632321308549e+00 4.090984018464452987e+01
2.716619203744684441e+01 4.327236401242152475e+00 3.332502284645891821e-01 9.015214803757496884e-03 5.850234265211633200e-03 1.791915642619744009e+00 -1.277595450068641725e+00 1.040131709672367011e+00 4.636323676074643885e+01
2.821531815401028709e+01 1.082487939599498628e+00 2.022692412233234038e-01 1.570543571318146854e-04 5.864395475558791676e-03 1.323308553278832900e+00 1.073666475599024395e+00 4.724636004383772070e-01 4.631656788053932416e+01
2.603184613617413135e+01 5.152566940335312040e+00 3.003452721926412258e-02 9.999727624174031826e-03 5.838864253459483469e-03 3.090336779584596627e+00 -9.519885906483316340e-02 1.572318797057412398e+00 4.151517273650050299e+01
2.607455503898949445e+01 9.078467949964874606e+00 1.578124940962013709e-02 7.378913587382013653e-03 5.829142625536546003e-03 1.368269400087106957e+00 9.991781110818287459e-01 7.367293984061402679e-01 4.187889786057029795e+01
2.574679944036536128e+01 8.063478578876038583e+00 -2.515259231281046781e-01 9.993656907472142636e-03 5.868565808141587570e-03 2.400246547427550503e+00 -5.920782516165895570e-01 1.587682473393480453e+00 4.559823399296297453e+01
2.744333504027020609e+01 7.156549914560464742e+00 5.076471181430081137e-02 3.673064820381095712e-03 5.833738580129283792e-03 3.029347689480318184e+00 4.407569905012631573e-01 1.664878135511102863e+00 3.935037561136572748e+01
2.963695304568483380e+01 4.972121497361390752e+00 3.698917926674349932e-01 6.226119179304192598e-03 5.866325111384508746e-03 3.383758540802359160e+00 8.247822729779903383e-01 1.267886001238800020e+00 4.853275900146000765e+01
2.808889448308088888e+01 6.172235592433628071e+00 -2.052066748398212181e-01 3.648350276612281982e-03 5.822888796164735724e-03 3.023737479420459451e+00 -3.480590889046837333e-01 1.160541199070679319e+00 3.489466509706408459e+01
2.817578940262454523e+01 5.098741969168546717e+00 -3.092424939511104198e-01 9.995397831633548100e-03 5.874117117360750338e-03 3.218996764788429665e+00 1.345739862984712154e+00 1.721395848171082488e+00 5.209469523515126355e+01
2.811024660238953388e+01 6.458978359790592982e+00 1.144456990056154366e-01 5.325964836635989526e-03 5.858341060921472276e-03 4.085511471791216209e+00 -5.606583518552761269e-01 1.798880397583545010e+00 4.690490116889149164e+01
2.868035617400728299e+01 4.173240015594428698e+00 -1.055118143715984280e-01 1.165434018635507114e-03 5.859002147073628756e-03 5.802516543509618430e+00 -7.486307878407537642e-01 1.678764596719670710e+00 5.460077911910691029e+01
2.616397142906111029e+01 5.948919931662287830e+00 1.185242719569820219e-01 4.151261692125415170e-05 5.840000021166500549e-03 2.593294908504520269e+00 -6.330624831202787961e-01 1.378277537678018749e+00 4.185035643730783050e+01
2.662525789671269649e+01 3.914259997961973880e+00 3.394697588311689773e-01 6.189586746877624376e-05 5.860650054941119597e-03 3.697482628339782806e+00 -8.902283390871623681e-02 2.446915893305183776e+00 4.799277852290559565e+01
2.661138600893944073e+01 4.634352133067322299e+00 1.326389758833828314e-01 1.422851568749458487e-03 5.817717326330734164e-03 2.596538289789949605e+00 1.030586381058575363e+00 2.180621307878410686e+00 3.857410710882710703e+01
2.736558213521230698e+01 5.175293827463232077e+00 7.057219314368249306e-03 9.997363964425262303e-03 5.856902248864910218e-03 3.440702203603544174e+00 6.682578646319585758e-01 2.844145967609709391e+00 5.447967340728392571e+01
2.800908652994620596e+01 4.370684069574814146e+00 -1.065827819524258098e-02 2.452570393661553414e-05 5.888136098389858304e-03 2.696886590424266483e+00 5.389887197832234911e-01 9.570983864184153811e-01 4.242422125447961179e+01
2.559433567511339902e+01 2.011856641713850813e+00 2.563309739836605594e-01 2.040470960730947445e-04 5.861572087666340990e-03 3.003885521228820910e+00 -6.363975933202035140e-01 2.089436552372693878e+00 4.466238563128975159e+01
2.703286217031546812e+01 1.928662272346425954e+00 -1.885775393137656408e-01 1.893053839018942061e-04 5.851758063339320207e-03 4.553142628523875857e+00 -3.587702198192097569e-01 2.055460652315547865e+00 4.550506475008888430e+01
2.912831516925157871e+01 1.002453988273048102e+00 1.393203055499532272e-01 3.250543603348023152e-05 5.849199991624004502e-03 3.328241940863533976e+00 4.735124941264321485e-01 1.799171314111394970e+00 4.664944375080025196e+01
2.721638103166405642e+01 4.280987600779941005e+00 -8.739996535278382606e-02 9.998833519301001879e-03 5.893874349086627995e-03 4.358002678033286337e+00 3.228371699887317980e-01 2.726131708732868475e+00 4.367189523609967949e+01
2.743815120940766406e+01 5.470064336225854085e+00 -1.681894519904853780e-01 8.280413058933162743e-06 5.824778250010139401e-03 3.181802209557081262e+00 9.377206316389274932e-03 9.273479886326665422e-01 4.367058637656717934e+01
2.827112760239193534e+01 6.352232166654600221e+00 1.236070954419706824e-01 2.825837771905855087e-03 5.875676569051489773e-03 2.323962433225498003e+00 4.691673918753935801e-01 1.714161625645469256e+00 4.235434694238495723e+01
2.631625115946256699e+01 3.966714167491511844e+00 -1.857977887616640011e-01 6.574101468622048068e-05 5.826084887449739166e-03 3.003859136929798890e+00 2.372001251252131571e-01 1.283377526594675855e+00 5.296927449082588879e+01
2.958957051582725484e+01 1.942145289809553477e+00 -9.680272357318862875e-02 1.147461435470688735e-04 5.861600803687999628e-03 3.233352787225630909e+00 -1.283627017386304692e+00 3.579318296050914561e-01 4.762715451387703069e+01
2.840327893532406023e+01 3.832989723444210739e+00 4.272744164770462261e-01 6.704915654891451492e-04 5.861098310243556889e-03 6.167342184032476027e+00 3.973506131671948882e-01 2.748876073287190192e+00 5.065697282482086905e+01
2.683093308614591876e+01 1.036155051626910684e+00 1.879639418585691280e-01 2.069432361783323307e-04 5.873054197388624491e-03 4.425458159030031702e+00 4.244381919588982033e-01 1.007633921592725246e+00 4.758631730236613322e+01
2.661593504919547470e+01 5.580952369767255838e+00 -2.757176725838719200e-01 9.234623959107716171e-05 5.855958070057021465e-03 3.514443709404239335e+00 2.414253655779141639e-01 2.065334109966896037e+00 3.558289644073425961e+01
2.948180270699617012e+01 3.099572564723415802e+00 -2.575294105434196013e-01 1.130214212937129427e-04 5.841414407817073148e-03 5.766864437887734063e+00 5.463333032915258514e-01 2.523734990440035908e+00 4.018272966653384515e+01
2.604838129608702602e+01 5.560435958200192097e+00 -4.471549434492527730e-01 1.234494416377182613e-05 5.866337613382440440e-03 5.378461364455245253e+00 7.996926686810184037e-01 1.372770216036607094e+00 4.200645934434009376e+01
2.727839719836470067e+01 2.003037281525769320e+00 -3.300638541876448756e-02 7.412903391896979478e-03 5.831779231705630853e-03 5.832052841983976776e+00 4.259133445329470469e-01 2.783862968600926191e+00 4.407315593008011234e+01
2.518934569226152220e+01 3.474479084650385907e+00 4.351898756385283451e-01 2.038126157216223894e-03 5.855517373706235415e-03 6.802670407841263644e-01 -3.381252143924995401e-02 1.541806464320220282e+00 5.136269862609047721e+01
2.695365407454837836e+01 5.241506127911883972e+00 7.412508440655048159e-02 2.928500278685118498e-04 5.842553665702038962e-03 1.445835763335575397e+00 -3.505664910787884558e-01 6.231733219086852404e-01 5.162693665880711791e+01
2.741435547999666511e+01 6.738382377372957421e+00 -1.874532276776778028e-01 3.899566419770938638e-03 5.858723572657804565e-03 3.862765937918797743e+00 -3.332858997824228453e-01 1.591222672185829579e+00 3.430631730793168543e+01
2.617228558078311806e+01 8.922452498864101855e+00 1.476049988926051749e-02 4.133264405391579022e-03 5.802531068521916968e-03 1.713560743465159630e+00 -2.693876446575362849e-01 1.767744243061145415e+00 4.259752617550816467e+01
2.860680661865686147e+01 3.441877951744858333e+00 -1.496450359211760894e-01 7.936696036214536606e-03 5.802936117882736416e-03 5.888834725612880128e+00 -1.447776506154127008e+00 1.964599868754981937e+00 3.706501940218116431e+01
2.921346938279532068e+01 9.921018348652106411e+00 5.028139438517792437e-02 9.209253659788956686e-03 5.843575395185603150e-03 4.085936824981872384e+00 -5.753229100175173416e-01 1.962691034066249285e-01 4.540795580171929657e+01
2.704426758721076141e+01 9.967586484801607583e+00 -1.647372740764486421e-01 4.387213812939797994e-03 5.831880548840383954e-03 2.063329783293760045e+00 -8.463308617385384425e-01 1.936798417925115867e+00 3.882038067300352679e+01
2.699663126749233655e+01 7.482437072857751836e+00 8.762245820056874246e-02 9.988980296430234260e-03 5.847032617468239137e-03 4.386080978032265598e+00 9.740418310569776139e-02 1.328172326449962970e+00 4.395425117830547634e+01
2.967160702797637839e+01 6.362531898939079333e+00 4.815303630718880123e-01 9.966026619750366052e-05 5.867716434878136357e-03 1.351372651455652774e+00 -1.157375534154239105e+00 9.091938132910626358e-01 5.763507425100124948e+01
2.573117657489899912e+01 7.521043692023374305e+00 -5.499636525525984920e-01 9.995838322643021620e-03 5.849487929524449167e-03 8.236971527757780409e-01 -1.078380768926516797e-01 2.243362873297801929e+00 6.315893506064489316e+01
2.899603776239482755e+01 8.276892304764167818e+00 -3.143888427579282635e-02 6.502708097151897043e-03 5.871870293727578238e-03 3.832527304483212216e+00 5.912914008129117605e-01 6.306736124404584976e-01 4.678143002952477048e+01
2.812428181821658413e+01 4.454866590876222610e+00 -2.163037466958491195e-01 2.687083032919357177e-03 5.854072982400588925e-03 3.472675224190412191e+00 4.016440728373382729e-01 1.966255681357249152e+00 4.763579095742461078e+01
2.633601763232454829e+01 6.287958247552662527e+00 2.616350593820139792e-01 9.999482748438402041e-03 5.811921961377415451e-03 4.003886810690079123e+00 1.185708708032688907e-01 1.701165237769187710e+00 6.045860956951463550e+01
2.578058358301340292e+01 5.535052626926635355e+00 -1.270367231992445278e-01 9.239131478554705177e-06 5.878142669762134037e-03 5.122264263790068384e+00 2.700789534402661118e-01 2.284880686291315133e+00 3.768851681364328243e+01
2.872237378790799767e+01 1.027224952493282384e+00 1.650557832725186025e-01 3.674431675066811318e-05 5.834734932020888692e-03 3.830571195538901019e+00 5.055485998790838487e-01 2.314662555098651264e+00 4.122924200934478733e+01
2.725401990875824509e+01 3.805878260571522453e+00 2.385772646910688244e-01 9.999555930528584990e-03 5.831913569414573853e-03 2.289326022205446343e+00 -3.705579133185632479e-01 1.893837888605522046e+00 5.204035512753991810e+01
2.758005014339197558e+01 5.061501685057232969e+00 8.439458668659856333e-02 6.461122573884051090e-03 5.861433510690214170e-03 3.832640173176532716e+00 2.895875191845846963e-01 1.592554410363152373e+00 4.494447443319388924e+01
2.766438438478364858e+01 3.995520121757372589e+00 5.454998019325371650e-02 6.268022740972935616e-05 5.849634667338818143e-03 1.772881019492232646e+00 -4.132511510472092198e-01 2.257052850484832174e+00 5.126702778274832184e+01
2.731862396789440695e+01 8.631256201210305790e+00 -1.436199393439265837e-01 3.293446842459788349e-03 5.808740323633743673e-03 3.371529520829672943e+00 5.621675517600563943e-01 1.950220116212328936e+00 4.522732407005577926e+01
2.729863159919640836e+01 5.403287487875578776e+00 -8.921604140796791926e-02 7.867516382929689439e-03 5.884797337933632237e-03 4.675580977694402840e+00 1.724098077408995344e-01 2.203888885687850241e+00 4.422582142853809017e+01
2.770880710500148325e+01 1.838453158002157029e+00 1.508120060062870527e-01 2.303728741073736235e-04 5.896554441057248047e-03 2.443150383752072941e+00 5.830390170774064629e-01 3.965590812415194510e-01 5.403313021706939878e+01
2.604215062836660977e+01 5.325016109917672047e+00 -1.420827554345445998e-01 4.309487334709172571e-03 5.869885182481793598e-03 3.811631373378009613e+00 1.151796977603094518e+00 1.003525045965186990e+00 4.729322673690224832e+01
2.772216401094234328e+01 1.012535292109573604e+00 2.911234684384031990e-01 7.930011129236206149e-05 5.838505776619232375e-03 2.386893609505551073e+00 -4.778976503242819973e-01 1.892343460255194731e+00 3.617172564234028442e+01
2.903011196585115883e+01 1.015738435004123641e+00 -3.474374115850446532e-01 8.579086804657727583e-06 5.876555475049467965e-03 9.383069453661265769e-01 -1.441986982118899530e+00 3.023946431589414896e+00 3.986255966480114665e+01
2.653789594242320860e+01 6.708885442123267318e+00 -7.085986490786870193e-04 9.996451828433804143e-03 5.882041913602368416e-03 4.429150137479138216e+00 1.297077071986605823e+00 1.321198835377431768e+00 4.401786628354698649e+01
2.591196820734763762e+01 2.801404632306601084e+00 -4.104858644358722053e-01 9.999912100981460730e-03 5.868592351383272038e-03 3.570533355815383114e+00 -4.247218715295821845e-01 2.242938678468424651e+00 4.513429593818384689e+01
2.684915530402045647e+01 4.979137219118930702e+00 -3.650205827600994102e-01 4.739273934035965552e-05 5.878240525899908545e-03 4.173156937400004374e+00 1.231748968669696076e+00 2.091378080843443676e+00 3.982366186052520618e+01
2.767954801138201404e+01 5.022727898223884324e+00 1.956686766668746247e-01 8.750834887086122310e-03 5.849859883718017822e-03 5.191873024231282052e+00 -1.365572176964401363e+00 1.123462587569276527e+00 3.706626933706634475e+01
2.889343507748490225e+01 6.543892330783156908e+00 -3.929209470014579098e-01 1.941930059826050116e-04 5.812014435556381656e-03 4.702198258600247982e+00 -1.331105474805307498e+00 2.068794600307953591e+00 4.292301354191285157e+01
