2.702837217296198347e+01 3.440408057965963717e+00 -6.847157750443561008e-02 2.974915779920403285e-03 2.380421956632515143e-02 2.240473523732058325e+00 -5.703512170149676042e-01 1.454624183697171391e+00 5.652915894514645601e+01
2.786774036442213287e+01 3.622899116877103864e+00 1.382983744768202239e-01 5.247236729026217607e-03 2.322262368767497032e-02 3.409448469171858065e+00 7.792976210580060403e-02 1.681936226067224149e+00 5.015789969583106256e+01
2.744106453527104961e+01 2.197974480012384380e+00 -1.942291038183537877e-01 8.176879383901486734e-03 2.350042266387007348e-02 2.972330793151664263e+00 3.660502905184395139e-01 2.072351048082167413e+00 5.000782036481408710e+01
2.824471003336136832e+01 6.026029440709583795e+00 3.047381997317936686e-01 6.209253165451318959e-03 2.368031696855921533e-02 9.485150747358257473e-01 8.429295485907299934e-01 1.816980856364914576e+00 5.606442972184124329e+01
2.765386759391672555e+01 4.781660102090010689e+00 -5.573680117037645987e-01 2.955509272622329053e-03 2.318656442653152863e-02 2.083531404472243054e+00 4.929858009305694289e-01 1.740069628637167076e+00 5.098567484777668568e+01
2.638354862851080540e+01 7.668942167515347741e+00 -3.184711849453586430e-01 9.019371957625662781e-03 2.330392736393516878e-02 7.314535706973183116e-01 6.603597074841109915e-01 2.394934146345982562e+00 5.529631985685646356e+01
2.595994266647706539e+01 6.635804121306295933e+00 2.371944420434217785e-02 6.109125662747760289e-03 2.347139899721382289e-02 1.934329967422322216e+00 -4.095024846505168625e-01 2.055637513300537123e+00 6.227428482859335901e+01
2.667003519150818036e+01 3.471774810907874098e+00 -3.306553274270819798e-01 8.197594536258998033e-03 2.348140206243401820e-02 2.526833333188632569e+00 4.445320358721542853e-01 2.035075819025541133e+00 5.200461372937613191e+01
2.755531513618844741e+01 6.913615333747148206e+00 3.066599559435811417e-01 2.067171348493860531e-03 2.341583099912895871e-02 2.973161790441231300e+00 1.026549779442970767e+00 5.400028223067142585e-01 6.409649869147644097e+01
2.887536792235768957e+01 1.703215996245349251e+00 -6.702400974258933275e-02 2.769068815359691186e-03 2.312304773750272976e-02 5.062501660889633825e+00 4.507184396607577526e-01 1.190501539091948363e-01 5.843945728739691958e+01
2.790341336360165414e+01 6.075768127992306589e+00 -3.610167072498854934e-01 5.312442033075179433e-03 2.372223083784583131e-02 3.040817506385614433e+00 1.692529245060638843e-01 8.761792177089515743e-01 5.794615044283076344e+01
2.803076100416223326e+01 4.871702224723401642e+00 -5.896209082072629837e-01 1.465289202214282690e-03 2.358027123017632579e-02 3.866862246934919423e+00 8.608398771777645564e-01 1.496108326564193902e+00 4.863299310400115161e+01
2.876097149890668447e+01 5.295105372028297452e+00 -2.740578788700961943e-01 6.066060498832957434e-03 2.325300774847866014e-02 3.031205094904946495e+00 1.386871268098393006e-01 1.446778672727964121e+00 7.472202849570996364e+01
2.774550827346237725e+01 6.160557295103093800e+00 -3.474833096353440731e-01 4.797169513762369018e-03 2.375695013270073472e-02 1.572163262766650416e+00 2.703966971410198816e-02 1.218803928430962635e+00 4.596963984845409357e+01
2.762823088019836604e+01 8.611773571166427388e+00 9.963366431303639636e-01 4.059354848289780694e-03 2.358325746121442065e-02 3.601237935888787156e+00 -1.742097044359853797e-01 1.174607076020890206e+00 5.082246219729805148e+01
2.649125061808117465e+01 2.041826149443117799e+00 7.685566871855326054e-02 5.515292970984907693e-03 2.331780017680795333e-02 3.958798056342736960e+00 6.733084594299265646e-02 2.146201521524404576e+00 5.050456663069167007e+01
2.723206693017140267e+01 5.016661654185164743e+00 4.480238192678058784e-01 1.912362792323061460e-03 2.367482376056884510e-02 4.887994078501131767e+00 -3.884263438712680649e-01 2.255270866669079055e+00 6.371419266949630611e+01
2.619405127130607980e+01 6.172655883013693057e+00 -4.541883176644411213e-01 2.250668368959933725e-03 2.308993457061984944e-02 2.705311456553269434e+00 -4.475811916159624371e-01 1.030300409762597430e-01 6.346059180566174263e+01
2.705907115381382866e+01 5.956722691249431101e+00 1.219822879724585460e-03 6.847705906891343210e-03 2.375597963319259903e-02 3.435712302810649987e+00 -2.523644163811353813e-01 1.080761907144893508e+00 5.685635376938243013e+01
2.759907436008379378e+01 4.200848940470562454e+00 -3.403128799300073754e-02 5.941825596891658900e-03 2.356049576965916700e-02 2.307895844397148455e+00 -3.906586177473685417e-01 1.192373755217591924e+00 5.840376680462981085e+01
2.943517798442683997e+01 1.850437669843366217e+00 -3.196582610162905791e-01 6.240526109296167315e-03 2.370876885758304090e-02 3.171609337071974899e+00 4.229083097168244709e-01 1.122449658009046392e+00 5.358968308811696346e+01
2.655181235337164480e+01 5.765250513758138240e+00 8.119894939138780354e-02 3.609563470446754130e-03 2.351573402284309888e-02 3.722218243850485830e+00 -8.304136464664346740e-01 2.310922589024753560e+00 4.918947077915353816e+01
2.847751162144447434e+01 6.095441524314406223e+00 9.730550573540010240e-02 7.340865247651510647e-03 2.316897955093789527e-02 5.131710570038524821e+00 -6.899603026775861236e-01 1.022537670320439185e+00 5.722621874608844905e+01
2.889841939247023461e+01 6.123241650891118049e+00 -1.021232843725703998e-01 7.746455274611368548e-03 2.325647455554067169e-02 4.967189676983922553e+00 -4.433101593554771291e-01 1.828430008420834696e+00 6.055192834993304274e+01
2.607917783239648202e+01 3.081501244018447938e+00 -2.746936195984198692e-01 9.019716561155671514e-04 2.335332367493374653e-02 2.230104240588088871e+00 1.860586934281618365e-01 1.050942628290243430e+00 5.982254843080401940e+01
2.788499604928052733e+01 7.042747979711079687e+00 2.588975463899471571e-02 7.365767583111721729e-03 2.350330535382798292e-02 3.570203905335635586e+00 -1.022157336032518016e+00 1.313565970359714008e+00 6.150124116043370037e+01
2.771148280369502004e+01 4.543745153589100028e+00 -2.966370755399225234e-01 3.449842692412299211e-03 2.351037104938568170e-02 1.817702063313485494e+00 -9.871111297341028656e-01 1.856711475410449674e+00 4.935785367641518206e+01
2.743153455897625648e+01 4.443096131223954082e+00 -3.130702341928837673e-01 3.312377386573643352e-03 2.343515654977772200e-02 1.941334790642769592e+00 -3.597009385949132554e-01 1.267741027998056769e+00 6.681608111638985292e+01
2.798825852508398171e+01 2.326307447891769797e+00 5.625379617011386779e-01 2.974725268308012205e-03 2.387861857432887688e-02 2.583118555697520691e+00 -2.178840927099572333e-01 1.403646484164893904e+00 5.028713507812364014e+01
2.679255169614816268e+01 6.128047612227218721e+00 7.240505456408159735e-02 8.781607388113125924e-04 2.379774083139592905e-02 4.625341783102962623e+00 3.209529834226803047e-01 2.841876384789494114e+00 4.985948342359610308e+01
2.865926726143450054e+01 3.614678203953595403e+00 -3.887798065012448845e-01 5.282391813942514079e-03 2.307167576391999653e-02 5.892004093149862953e+00 -1.563340268189554738e-01 2.571690790456204745e+00 5.673793971208404940e+01
2.720561661771215256e+01 3.668940133610081755e+00 7.810382631732354364e-02 4.055111156856298048e-03 2.354426639263246940e-02 3.292100437698982418e+00 -4.538282651767302500e-01 1.482099112036865174e+00 5.405662072394876105e+01
2.812341034622685143e+01 3.553195973002682084e+00 -1.883157698020536952e-01 1.177864771081597916e-03 2.317200051807926861e-02 4.354931298434060238e+00 6.429531480353500861e-02 1.967197465750509133e+00 6.458653169562728635e+01
2.667068248362298277e+01 7.435376594576604603e+00 -1.822953131260580117e-01 2.053896379232397155e-03 2.351459078587747956e-02 5.405451492803542202e+00 -3.140257226263578616e-01 2.514234727497396626e+00 5.433760312646850110e+01
2.733202070914497384e+01 2.420455412140147811e+00 -2.066690054766494311e-01 5.670356615102078307e-03 2.368694192527103295e-02 2.729568606121972163e+00 -4.935291836670971932e-01 1.863859967378496130e+00 6.292478426733340768e+01
2.817275876482933583e+01 6.499727074515798897e+00 -1.528233479258355940e-02 6.200763826037782207e-03 2.331640412491704090e-02 3.145025205383720213e+00 -4.935434927682604833e-01 2.282584656740637374e+00 5.105106156734165523e+01
2.936699225660210288e+01 2.047466128916378914e+00 -2.704792770238595434e-01 3.167183216917206917e-03 2.376117745011566487e-02 3.487481338661039043e+00 7.788959145023066633e-01 7.988601652452071988e-01 5.700702326462065628e+01
2.986332933483420149e+01 7.121777547438153277e+00 3.483768585210412216e-01 8.431738345268670679e-03 2.328634423443133247e-02 3.327765351299565300e+00 -1.104159028337068360e+00 1.951456123414875066e+00 6.089473928374670209e+01
2.860218201232999391e+01 4.774014895637885836e+00 -6.656855303621425635e-02 2.026614443088518500e-03 2.352482115349170330e-02 4.288018277815845991e+00 1.865835069252643752e-01 8.876639810355863025e-01 5.227251019510492114e+01
2.666375520646898067e+01 2.118193819053265869e+00 -6.507304492802757911e-01 1.131395298992954671e-06 2.363921739522322277e-02 3.016629523751613640e+00 3.473992524735214360e-01 1.445159064020594464e+00 5.943543019328035371e+01
2.692355434449959972e+01 3.053414852501290522e+00 9.012057475442986076e-02 5.997019891308797736e-03 2.359373650559104182e-02 2.309232898315884519e+00 5.473943413286002091e-01 2.678179197165979630e+00 5.478767495139973676e+01
2.802285587253429711e+01 2.898361433052983216e+00 1.301157414482264352e-01 1.590965190491539817e-03 2.346670619914342087e-02 3.055725187200439841e+00 -8.482249424584575870e-01 1.625841055275715874e+00 5.005152308537076777e+01
2.546529597723231220e+01 3.208009279528639457e+00 -3.221361628701890356e-01 7.627355215981361861e-03 2.372222972557107637e-02 5.358930778212480206e+00 -2.348113208608793023e-01 2.529364780921719902e+00 4.907105320148811245e+01
2.757926851098468291e+01 6.811164169940584934e+00 -1.994453907161578554e-01 3.248528302351353682e-03 2.349277526361239973e-02 3.551573065016357056e+00 1.268349227246465816e-01 1.654468171204736437e+00 6.548789720928348856e+01
2.921593581841186094e+01 6.982242150198201713e+00 -1.380546848546291006e-01 6.101284101937417062e-03 2.318125491251490575e-02 4.420583494450824880e+00 -5.230807915267075003e-01 2.682301819010429966e+00 5.189559239460226081e+01
2.638230815074886237e+01 3.529540824607884097e+00 -4.921708126307998699e-01 6.992127822969890043e-03 2.357170022947486371e-02 2.972758952329409787e+00 1.550486905046364328e-01 2.408638583236104136e+00 5.545157458616354518e+01
2.804033342847693078e+01 8.299072635658996333e+00 1.442402041458052120e-01 9.464066146638066418e-03 2.366163023526302034e-02 2.534926982158463016e+00 8.536766589604822819e-01 1.932991944176363885e+00 5.479174866890481610e+01
2.616126057206433586e+01 5.449517268071571330e+00 2.532544029775006811e-01 6.038854241800151700e-03 2.366701452639676309e-02 2.779548421959660232e+00 -4.270800153500184937e-01 9.067470673377429069e-01 6.151419642986107306e+01
2.753664715644142191e+01 5.788168055043770188e+00 3.407910987181649726e-02 6.953083945777318968e-03 2.370200783918793505e-02 2.175691845978663608e+00 -4.861889920571018653e-01 1.030464334424548989e+00 5.671157535422523210e+01
2.725519397719335757e+01 7.331088427003328079e+00 -2.200704108014863054e-03 3.857876206765265600e-03 2.344311818233268258e-02 4.830781682510904673e+00 -2.702674067501333877e-01 1.770438426533439635e+00 5.874762920567615510e+01
2.759912620646347392e+01 7.980493340862050644e+00 2.941515186327695042e-01 6.495175476888837181e-03 2.342902420323708657e-02 3.785535192168948182e+00 -4.347887609319758262e-01 2.484018167594387094e+00 4.634226618195845049e+01
2.580705479531181368e+01 6.985118132770743671e+00 2.866981443844331401e-01 2.491922282562686938e-03 2.336213607036999318e-02 4.712850797700282257e+00 -6.025087533819819541e-01 8.102243396727759617e-01 5.407461366079886744e+01
2.642605737821659062e+01 5.219932298235852031e+00 3.836295379841692665e-01 3.359597550013674119e-03 2.325703054044711213e-02 3.876352099139169116e+00 -2.135647266233227093e-01 2.988569885043764196e-01 5.609700398340284977e+01
2.726821358987798405e+01 6.313431656182912910e+00 1.141520158623456488e-01 1.130941168932670477e-03 2.330067689799271077e-02 4.157550562545099027e+00 -2.762452748599861785e-01 5.096602686925144621e-01 5.366703904865142505e+01
2.611117162639523670e+01 3.680360583502135352e+00 -1.438166838875882536e-01 5.868771712098723795e-03 2.360426027785704137e-02 4.394230726196372672e+00 5.967154222118047358e-01 1.998704195243555359e+00 5.391196018612723151e+01
2.839781669283753018e+01 5.842097991620201825e+00 -2.255235472394394869e-01 4.006932146287690670e-03 2.378736003259502435e-02 4.910095469124145851e+00 -5.657045439883012783e-02 8.683749826849955777e-01 4.872582396472656541e+01
2.708646788877376821e+01 3.769692570947189569e+00 -5.675104532395176121e-02 6.625392674317420391e-03 2.340282946055385546e-02 3.173719469668128568e+00 6.767747959910486166e-01 2.018177120265747693e+00 6.367458863499864918e+01
2.771040921246430599e+01 7.719959658880897635e+00 -7.596612269353712754e-02 3.123176160165220139e-03 2.363440066999419192e-02 2.871407098899227073e+00 5.163098169068027765e-01 1.754575190304539234e+00 5.104131842824199339e+01
2.732285895398274889e+01 4.707476571932084575e+00 -7.253320666918168513e-02 4.363079886125872074e-03 2.341037359548489571e-02 1.850440302722845765e+00 6.354940693825703590e-01 2.576159803238272872e+00 5.936858215514823200e+01
2.892314723788296149e+01 6.092565253281591708e+00 -1.674184233294888358e-01 7.249084336578158830e-03 2.384034978208232972e-02 2.845757619116127124e+00 -7.710270247520595310e-01 1.079712838338773295e+00 5.154952701132011583e+01
2.844915963370763023e+01 6.665594546537048082e+00 -3.164258447694816567e-01 8.512284013600867130e-03 2.337343984567680916e-02 2.812034076600090859e+00 -8.627519194032817751e-02 2.646969998642907829e+00 5.827815471235902578e+01
2.700419152671460310e+01 7.156039010437870829e+00 -3.184778017637553416e-01 4.560375180353873521e-03 2.313622826925268092e-02 5.367827162382877049e+00 1.709962211894646700e-01 8.830150417767653748e-01 5.814102951545970654e+01
2.925871399835709497e+01 3.789546969358470019e+00 1.014463778983318992e-01 4.830449056683123153e-03 2.336886560950494213e-02 2.762748055815209991e+00 4.164939360627428755e-02 6.873251379030329566e-01 6.527291404660175544e+01
2.788167411983473087e+01 2.653358706250324328e+00 -5.075173720659860443e-02 5.636504479493438524e-03 2.329599127500528444e-02 2.257962485614451342e+00 9.423707363360089850e-01 1.908149843258635681e+00 6.517804743383696575e+01
2.703515947917449580e+01 2.922659291370741652e+00 3.463355507966965341e-01 6.111279960859227964e-03 2.345725874646802794e-02 2.343924772736095896e+00 1.042640939105146103e+00 1.369434176952601723e+00 5.916244527208613135e+01
2.725342638513514970e+01 6.027355649947213401e+00 2.440643717084731434e-01 3.593939307116377890e-03 2.307932976625544017e-02 4.054721253016850824e+00 5.689606058398175570e-01 1.541945262599671018e+00 5.357830025571182375e+01
2.818460456791809321e+01 5.790230146199971450e+00 -3.295578085659319756e-01 4.488718345112639035e-03 2.376543273676473556e-02 2.213469916368074664e+00 -9.838406371975270126e-01 1.426015653876853806e+00 5.590757349743810067e+01
2.818090768097313870e+01 6.983502762265823449e+00 -7.351402815147835001e-01 6.436668199016000284e-03 2.332925979533112190e-02 1.882781406797097823e+00 3.948595869583806373e-01 2.043964028111916686e+00 5.224726228516747994e+01
2.619260820174235604e+01 1.260987337258127061e+00 -3.527751460094575853e-01 3.267442932039893791e-03 2.310233444005976855e-02 3.310824306747787826e+00 8.023371852895766487e-01 4.191347062469583107e-01 6.439448062196606770e+01
2.713492466603138809e+01 5.067884434793582749e+00 -4.765144219572467477e-02 1.632011253892458108e-03 2.329877103566714569e-02 2.095327104664984397e+00 -2.165397363206325032e-01 1.720739346164571026e+00 5.326255071119092577e+01
2.733316409615293097e+01 8.282281455134008041e+00 -5.349937597450491467e-01 4.018483377680389941e-05 2.358115668348578775e-02 3.516857716852834770e+00 3.575967459563167417e-02 1.020054187185876593e+00 5.800211889703915347e+01
2.673739545149250674e+01 6.835459919329609946e+00 -3.033568390021038064e-01 7.298961342520123019e-03 2.320826687293963200e-02 3.648351699755838951e+00 5.765310575514259739e-01 2.814249118369158253e+00 5.398954698542546282e+01
2.725510467813084858e+01 7.603660869452235183e+00 8.352335125155635476e-02 6.979419809176095647e-03 2.365925371257238813e-02 4.623254872393871118e+00 -1.908652408810913581e-01 1.988468001000253782e+00 8.653672430031515717e+01
2.783206623256122469e+01 4.255474017161863465e+00 -3.409417337642872692e-01 4.570193014285329168e-03 2.371118376350527315e-02 2.112585335444475021e+00 -1.053543085768809062e+00 2.110809768490219618e+00 5.401489902855441017e+01
2.821843085134404561e+01 5.650313263315479340e+00 -2.089389737689039128e-01 2.325772570191149326e-03 2.345191474599343101e-02 3.417291709464848282e+00 -9.990620252870728857e-01 1.853638623162058963e+00 5.330165592927194496e+01
2.589014298646952739e+01 4.728077087519288568e+00 -2.363031691713764482e-01 8.060839570326857120e-03 2.325771729632211682e-02 3.869478753765994039e+00 8.469197252687776789e-02 9.694621583961992028e-01 5.308430911206285430e+01
2.929621704573812835e+01 4.370830316884563693e+00 4.264752897386070440e-01 7.600811772344303816e-03 2.353906005730009923e-02 2.435193213148262537e+00 4.769770905030292774e-01 2.951137148535503574e+00 5.713557743129628363e+01
2.702589078969473846e+01 3.827985207880840512e+00 1.687249883222552427e-01 9.958561721689679260e-04 2.348920071867190151e-02 3.885571451512211283e+00 7.093748331212439417e-01 1.507079757504479200e+00 5.044234780519275319e+01
2.987974534773666591e+01 4.241786589507594130e+00 1.074335316702256377e-01 4.613225222248675504e-03 2.335694879651689648e-02 4.722583861443623299e+00 -4.851752134494204949e-01 2.122075598713878186e+00 5.872371190306920852e+01
2.900495621964182646e+01 4.841077823325153240e+00 -3.311810930889378946e-01 2.784408950337151790e-03 2.311579237991328792e-02 3.749197989770396866e+00 -2.024496781184357275e-01 1.533507319272019220e+00 6.113466184311558749e+01
2.747850532183671035e+01 2.007424074464787545e+00 1.698883767309943560e-01 2.753393717591051497e-03 2.342519718292196407e-02 1.062130032009246605e+00 -8.023581208510122131e-02 2.077153942844739198e+00 5.715163457357996180e+01
2.697479120238891426e+01 3.402590327930663516e+00 4.406661726962282088e-01 2.139545866930170522e-03 2.328908031216998104e-02 4.880673180100590258e+00 5.618414762752026448e-01 4.004154927705285139e-01 6.479662923977242883e+01
2.868074044061047090e+01 6.165839116591246949e+00 -4.589367002813076746e-01 8.171265760277617377e-03 2.372205249292179755e-02 5.953087280868134101e+00 5.173638144210555012e-01 8.640104724849795303e-01 4.855486817496719709e+01
2.793175785549496126e+01 6.771426586672943948e+00 4.135130014449083791e-01 6.130416564459971462e-03 2.336939862395949127e-02 3.297142820869458202e+00 -9.999124884463232998e-01 1.228198901740226612e+00 5.666716379950639748e+01
2.811531322497468466e+01 4.079859571559263820e+00 2.861003618953944505e-02 7.485599830411191966e-03 2.367440305043725171e-02 4.684757712143247765e+00 4.116386732878323240e-01 3.060737935204818072e+00 4.938583926233604871e+01
2.738566086625017348e+01 8.137265587865952554e+00 -3.514608224342820053e-01 5.419743797955707022e-03 2.338338869705396811e-02 2.735536953187311493e+00 6.033580241268841071e-01 1.473684251515743115e+00 5.475857869733079752e+01
2.742853231288242810e+01 4.080048147348668053e+00 4.661405963302835409e-01 3.825523776800740430e-03 2.322195764392441519e-02 2.090117860237159952e+00 1.610228012320957802e-02 1.120045504172575201e+00 5.366085002435600870e+01
2.748954305632300432e+01 3.529842389067336494e+00 -3.668416635810507476e-01 2.888604051890811004e-03 2.341146902870002225e-02 5.243732658540181113e+00 -5.974286169930934642e-01 6.541392616930821746e-02 6.300050264377868103e+01
2.632898051287465435e+01 4.325177595718529666e+00 -2.818962464414703217e-01 7.526582735708517956e-03 2.350952870845050141e-02 3.231906555134076875e+00 -5.904887805360720110e-01 1.597846067544490323e+00 6.216584965638730864e+01
2.807643099903758355e+01 9.733744952180330756e+00 -8.143667602296676966e-01 8.822006460961069954e-03 2.333167623969993262e-02 5.490773647566343563e+00 -9.988816257058275028e-03 3.968698602862609781e-01 5.562435475920875660e+01
2.700225728611199472e+01 2.221300985355303403e+00 2.157295286943229362e-01 5.720777610948036759e-03 2.364845947101549065e-02 2.705151151730926795e+00 9.520472132237096652e-01 2.217688274937627657e+00 6.236870776407145200e+01
2.787258918028735977e+01 5.124549273467440713e+00 6.130851284324873723e-02 5.751825245535194080e-03 2.337611575356033852e-02 3.117750642861679022e+00 5.753098133416516546e-01 8.184687554287402023e-01 5.652438307160974063e+01
2.519432084229918445e+01 7.562281845505809841e+00 2.402124741675224218e-01 6.087003953987992454e-03 2.375658767361751855e-02 4.569803702063661710e+00 4.133576909718830183e-01 4.300975033650534796e-01 5.165332124885781440e+01
2.763101096503715937e+01 8.234296917781408709e+00 -1.032243797840208671e-01 7.190190071455187203e-03 2.331117614662409424e-02 2.691297344478605691e+00 5.856577170338761462e-01 1.887399422046727393e+00 5.412791175624558804e+01
2.601662809841630875e+01 4.796716372639000525e+00 4.556392024857600642e-01 5.766923661793180340e-03 2.384321192105477716e-02 2.788054430345229040e+00 6.957063567980679153e-01 1.641908996261788545e+00 6.192370893927387954e+01
2.669744765573895506e+01 8.785589427544390873e+00 1.775028936754761144e-01 5.777207349685817978e-03 2.365239778631330822e-02 5.119741117346850778e+00 -6.248683863090850332e-01 1.963246085895679505e+00 5.423487242662835683e+01
2.868997291002388650e+01 4.354946281482911630e+00 7.719315736855121568e-02 6.225740294040165920e-03 2.363117379588450598e-02 2.592368161612595756e+00 -9.382032755705349558e-02 8.412907798354329891e-01 5.136364810877856968e+01
2.852624223442466445e+01 4.501132961770809793e+00 -2.818967053937008194e-01 6.476184691054771847e-03 2.337448107277999981e-02 4.349154415461712553e+00 3.389922146961188432e-01 1.775373049096331757e+00 5.602672010629214583e+01
2.737789403400837074e+01 5.733353379350480061e+00 1.846107882324318772e-01 6.870827968624256682e-03 2.324046433956760901e-02 1.463522463084236502e+00 -6.701754302319686829e-01 1.949504699364154714e+00 6.009151222502398326e+01
2.799002400993347450e+01 7.450448697954035637e+00 -1.579432701946917872e-01 5.216238649948254716e-03 2.373943534545421008e-02 3.970849732203440396e+00 -7.750494473705795695e-01 8.196707266374033685e-01 5.910982607546343104e+01
2.716393282418980704e+01 5.370100126858083023e+00 -1.237483975613193066e-01 9.914102957628422030e-03 2.351056274407519603e-02 1.209363529746917854e+00 -3.248701146518788718e-01 1.653389459858488619e-01 5.588460918226145679e+01
2.911537478756110886e+01 3.938839981189777184e+00 6.288495149156861919e-01 9.659273166859641893e-03 2.346630157672758427e-02 3.598193091971511492e+00 -1.847269626073697601e-01 2.165203667836466561e+00 6.151288111629926902e+01
2.841493677654363026e+01 3.912701878433356928e+00 1.993053568257781571e-01 3.540417989695848408e-03 2.348819125756534953e-02 3.557071737285688151e+00 -1.824807093617462073e-01 2.199799440530024519e+00 4.693321026673461205e+01
2.696493239120289687e+01 6.745109392293373141e+00 -5.204879386481381376e-01 5.036794159943286733e-03 2.363357741920371624e-02 2.561106403017861854e+00 -1.892767924552538616e-01 1.804908098926716997e+00 4.994672152379557417e+01
2.551842852054666011e+01 4.092473481880102071e+00 7.277048043333501637e-01 3.386112892720020886e-03 2.355298087838574722e-02 3.757426406227386106e+00 7.126534670934958626e-02 8.336799858594566848e-01 5.111959505443113727e+01
2.827588496027337328e+01 6.199795703771854072e+00 -1.771790987653828198e-01 5.449627993008685986e-03 2.305861347864284969e-02 4.676118258650832082e+00 7.786513393763563329e-01 1.937704719213372728e+00 5.015373978829467205e+01
2.794613326588305569e+01 6.672030274325656762e+00 3.274875282917448782e-01 9.491607388208981450e-03 2.339318697502179578e-02 1.840521781449154792e+00 -2.500597210987807184e-01 2.314180126044033337e+00 6.138375802395922420e+01
2.644053165103962755e+01 5.829584585740544611e+00 1.237111966397856783e-01 2.104875139821603923e-03 2.387078226911649309e-02 4.076853744042570504e+00 8.084896460674739771e-02 2.148041688704862562e+00 6.178295828695997471e+01
2.816461009469761834e+01 2.242731388158641259e+00 2.625635639823406531e-01 1.917708136280729930e-03 2.342859948006891652e-02 3.510435858288603495e+00 -4.797962832168842784e-01 1.781764545769825014e+00 5.535371707561409238e+01
2.656710328674310162e+01 5.195208718716338048e+00 -1.957959533212432213e-01 2.119262141047773679e-04 2.377812411134170786e-02 9.720360637727776254e-01 9.169699207031523081e-02 4.523900912320458407e-05 5.352729901304887505e+01
2.619720778894419411e+01 4.556616832095439662e+00 -2.916593117381739431e-01 8.068795298936335889e-03 2.381547654864924965e-02 4.860216743226318137e+00 -1.008354578509492061e+00 7.278560291180293795e-01 6.003167183986970201e+01
2.927183361968944553e+01 7.011307105427563968e+00 2.914384703849995373e-01 7.692980048420479736e-03 2.347783217305033157e-02 2.875538445199633752e+00 -1.307538044511196818e+00 2.763566020513833710e+00 4.916954202353126391e+01
2.831815643638324786e+01 6.508569534132940149e+00 -2.944748764779148154e-01 3.853020782796045835e-03 2.339855082078711249e-02 2.025243409564192021e+00 -2.459594362309172055e-01 2.554089457738744517e+00 4.672122233786074474e+01
2.993976593568735112e+01 3.611769125022743498e+00 5.718848656193280533e-01 5.093885934493195752e-03 2.337061719972506960e-02 1.768487211398509951e+00 7.356775984483014952e-01 7.483792651909163540e-01 5.844138926470898809e+01
2.744330611087622884e+01 8.371916178867916614e+00 1.677287530708562180e-01 3.769825492671548609e-03 2.341507629603798227e-02 1.389730966440397397e+00 1.114742596570792443e+00 1.335689877829134176e+00 5.029070466259748429e+01
2.762749914749534952e+01 4.101885019472281790e+00 -3.606627991490619911e-02 4.783559951973265570e-03 2.354766456377361400e-02 2.119224605443644105e+00 -1.189564079358942372e-01 1.403806340886841308e+00 4.556951685671763386e+01
2.905386054464573675e+01 7.639361679608378530e+00 2.659842669812582661e-01 7.667557798233327719e-03 2.331624502130184157e-02 1.393523883297116406e+00 6.113868726336981752e-01 2.061709853867617515e+00 4.911897319487989932e+01
2.773961671407323593e+01 2.926076650073358376e+00 4.361098328664472223e-01 1.325307014036044857e-03 2.357910399066804122e-02 4.371543062977401917e+00 -3.755496272441893879e-01 5.695120874584164161e-01 5.912083791868423788e+01
2.832184397688783406e+01 4.865278939551806126e+00 -2.501909835063618748e-01 8.952270851503100688e-03 2.340674541613567416e-02 3.160116867758642645e+00 7.056304027576594251e-01 2.266079666146708860e+00 5.176053116818327027e+01
2.708968262491085000e+01 6.327427687245292809e+00 5.099860129711462076e-01 3.350403074413805474e-03 2.380198691537815589e-02 4.771273867075954023e+00 5.100749158723072441e-01 2.314264194944975817e+00 5.342694572344954906e+01
2.737166598779339921e+01 6.274097589431117505e+00 1.536621143845300352e-01 6.459702234989686889e-03 2.333355855818054422e-02 2.459280517034372338e+00 3.775147149212341180e-01 2.918284052727318834e+00 4.716494604764754683e+01
2.934318145751519680e+01 4.263146902905952551e+00 5.676958724702640957e-01 6.392032120606796868e-03 2.362046518634087003e-02 3.657889532324995585e+00 -3.551238188166279119e-01 2.401188737536720463e+00 4.850892806386120526e+01
2.881183026933125291e+01 4.328411812388459623e+00 6.472859787603270076e-01 9.530232284466075288e-03 2.349575001057535584e-02 2.883353558716125864e+00 -4.497132985057883392e-01 2.118470913823065072e+00 4.451577484465496326e+01
2.800917522216337119e+01 6.411364446014456320e+00 7.102216765912113816e-01 8.088122901435916903e-03 2.397682895711178777e-02 5.458456909303063043e+00 -1.327411854597533969e+00 1.325364532979762977e+00 6.175384987471433362e+01
2.687291601304319144e+01 6.857280807959981850e+00 3.340148669828682526e-01 4.308413962043643186e-03 2.372541967673459304e-02 1.414775856860561953e+00 9.151414315820716183e-02 2.488320198420460372e+00 5.975474431581589840e+01
2.697230008724644890e+01 6.608727526384606143e+00 1.701676895499028633e-02 4.560904624418064303e-03 2.348356789067562386e-02 2.138627172156149392e+00 3.401213349742440162e-01 2.213408813628426675e+00 4.841070081823679061e+01
2.898039750639437173e+01 8.837879133586566738e+00 9.093427158727404591e-02 3.270170103312518457e-03 2.334716392719521361e-02 4.071695696354548311e+00 -1.846672447125916605e-01 1.758027617149835020e+00 6.771137976379490908e+01
2.890649751852706117e+01 1.972947453232212878e+00 -8.911763051939890490e-01 6.757339263440301051e-03 2.362191408751809080e-02 1.370076202919239705e+00 -6.875538875331694832e-01 2.481532212250904035e+00 5.250064029482246042e+01
2.659329937206764427e+01 4.930488027291189290e+00 -1.083244082911894723e-01 4.598199782893027179e-03 2.330188277778860381e-02 5.282762321823834206e+00 3.707506088958738566e-01 7.800288698381626640e-01 6.039057841768255486e+01
2.744269544583242748e+01 4.945264417279667590e+00 1.941417291450063254e-01 6.247555010243535309e-03 2.357576954843288580e-02 3.991115307796239797e+00 5.563498158311697139e-02 2.553668107625311823e+00 5.754468272065533085e+01
2.765239345924980441e+01 7.275207052523128937e+00 1.307178949969928228e-01 1.660230884301539065e-03 2.358110785246465835e-02 3.257218614056979877e+00 5.845141905319097830e-01 1.571766920129634149e-01 5.352744009392883129e+01
2.894604863664054051e+01 4.919177802581766734e+00 -3.829714317586950523e-02 8.847992620133813060e-03 2.351552053589645377e-02 4.229295162455930068e+00 4.020028226389278370e-01 1.687073761600123234e+00 6.328352360452269210e+01
2.797018195830272802e+01 3.508949022267757289e+00 1.752314744268136659e-01 3.686698978141762003e-03 2.368278781516610851e-02 4.029910623294124861e+00 3.621641741182113350e-01 1.354265979282226695e+00 5.707381821340798922e+01
2.727497885290340918e+01 4.379739452240102082e+00 3.643361383113950525e-01 5.948518041340743190e-03 2.365453392546454717e-02 3.810403972204707834e+00 -4.389361811471004238e-02 2.251475608939215167e+00 6.153201757110271330e+01
2.862040480142536225e+01 5.295936586424272008e+00 5.078398263259203960e-05 6.281380145110830940e-03 2.361059786529196708e-02 2.504485440599161894e+00 -5.262191129414146573e-01 1.144682342775790396e+00 7.194812576647709079e+01
2.709398685339025548e+01 6.745152665363043809e+00 -7.574336929245759631e-01 2.812526420887064872e-03 2.352992213643825825e-02 1.772123305214937439e+00 -9.561800884220783558e-02 1.392739953458975055e+00 5.465926070228955780e+01
2.896936204519152369e+01 5.066247079316388735e+00 3.965040962682200854e-01 4.011790531635587437e-03 2.309086065626589357e-02 3.359630346384621546e+00 8.368914484781493357e-01 1.022275347967903203e+00 5.245751742920287342e+01
2.781434890801142501e+01 6.947520800799879659e+00 1.808503649080861198e-01 7.461911910958318218e-03 2.347874452382125304e-02 4.208137560962008195e+00 -6.684917872281561646e-01 1.647056873288768042e+00 6.915854344473440563e+01
2.698920382322424416e+01 3.340233513949568689e+00 2.496675501085271198e-01 5.805902187588623392e-03 2.358430237248104744e-02 3.585225679298704726e+00 -3.814657312536087197e-01 2.868807074962626213e+00 5.547335017439935001e+01
2.744245199588094408e+01 4.060458518715832632e+00 3.224901904601851776e-01 5.949801617321969806e-03 2.350725136547658634e-02 3.172367600757866946e+00 -5.183631987549237596e-01 2.397888717696916583e+00 6.866571486190775886e+01
2.534453294645851784e+01 8.784338073912149270e+00 -6.500343075221683975e-01 2.759765290824869790e-03 2.364340347456057867e-02 1.450676730435621176e+00 -2.710881523248884761e-01 3.048122283235565888e-01 5.919409368822638839e+01
2.839622832798956509e+01 9.556001393165027835e+00 3.403707436179175816e-01 4.024029729693485470e-03 2.318607638563401074e-02 2.868482767733409045e+00 -4.234471870432217067e-01 1.171805881602010047e+00 6.156685306282911796e+01
2.716336099584632180e+01 2.722780104847803972e+00 -6.487614702442252579e-01 6.730069703999671041e-03 2.341323804346540430e-02 2.936306556139684498e-01 -4.873091213919900078e-01 6.946492886113427856e-01 6.732047460465582844e+01
2.984139381320420981e+01 3.878170414599677596e+00 -3.049501299209587124e-01 7.074190135883761006e-03 2.352294170875206258e-02 3.833454252077534097e+00 -1.149870912061210504e-01 3.077026127108375864e+00 6.752812640032932734e+01
2.958308520317160983e+01 5.767581316977307360e+00 1.001138229046639877e-01 1.125239311258932357e-03 2.378425856051205947e-02 2.172808032550459956e+00 1.977097111437944310e-01 1.654048019015393445e+00 5.638923978256485015e+01
2.964865716043586730e+01 8.618792408084887668e+00 -4.913831079914780520e-01 1.508370944469745014e-03 2.329941337029522649e-02 1.801136539942300496e+00 1.349652863131032277e+00 1.650085599119079927e+00 5.623740184548800869e+01
2.777718200614575039e+01 8.883681892584997186e+00 1.008909554333612540e-01 3.875508077647282432e-03 2.356688764860456406e-02 5.118871188510919268e+00 3.095525140025912059e-01 5.575538083295354941e-01 4.517543138972983741e+01
2.624961012192017051e+01 3.261830515970185029e+00 5.269343573124323221e-01 7.468368064325972035e-03 2.328956466537069128e-02 1.415372050968828121e+00 -6.123162817667378022e-01 1.512532516202261146e+00 5.915200822914176371e+01
2.849285510046537695e+01 8.537808593668936297e+00 1.665743665433826182e-02 7.508552079435871010e-03 2.327665543783794672e-02 3.205391876176665988e+00 1.258007992180307788e+00 9.873185766325767165e-01 5.110618905033587112e+01
2.608846335437570474e+01 7.249093108196524859e+00 -9.101995927476198844e-02 3.009695913724685055e-03 2.324444253360350918e-02 2.693027176279937596e+00 -4.814723231108519741e-01 1.980188456076403147e+00 6.851856612212583286e+01
2.550743877225471934e+01 6.038980526694807338e+00 -1.127986411459437066e-01 7.620534123413139072e-03 2.361631709637413909e-02 1.763191362769852555e+00 -8.773912831687495917e-01 1.154632994799636547e+00 5.608548912312725321e+01
2.873132120506416243e+01 3.907644321059816406e+00 4.099246794227819901e-01 4.847946092970412298e-03 2.367130453629457884e-02 2.490257653230248114e-01 -7.709931192101241448e-01 1.750261805854804065e+00 5.262478332658294988e+01
2.910063150821067879e+01 6.007381025547735121e+00 6.550423362072443911e-02 4.182393590520130586e-03 2.347636446038588523e-02 2.795266090647074098e+00 4.215837577514696122e-01 6.151143387929786099e-01 6.309343054748110546e+01
2.678453936779913747e+01 6.407550914364601446e+00 2.085874260396954061e-01 6.868810755810959867e-06 2.323354087307465121e-02 4.725814513244408488e+00 -2.171522875599776192e-01 1.989729677041671696e+00 6.035735862085122960e+01
2.743035971612817292e+01 6.285801579107303638e+00 -2.816701976511813421e-01 3.992707111156993185e-03 2.322921679777192883e-02 2.566269809179478667e+00 -4.752970944028935829e-01 1.569667037922058528e+00 5.749571455566120903e+01
2.790711053886019144e+01 5.435046579227934771e+00 -3.363682101336266106e-01 2.445137432401344769e-03 2.376151506401093239e-02 3.788580889524859607e+00 -6.737574037211898625e-01 2.213369256869757606e+00 6.382222896780720589e+01
2.624747828109660475e+01 5.084332545490002353e+00 2.958118729955901971e-01 2.281931101249081665e-03 2.359126967920767079e-02 2.825830433959026333e+00 -3.477949184390771720e-01 4.459871079873371502e-01 4.958587039247971262e+01
2.557089049976253037e+01 5.042277585046724298e+00 1.430089735465500944e-01 9.323184609568544931e-03 2.392565359606352651e-02 3.243528955314300077e+00 -3.270884093277355298e-01 2.626064286537556747e+00 5.151372612809572615e+01
2.681770756439939873e+01 7.159767215635739035e+00 -2.138783701345584320e-01 7.654659158810377464e-03 2.378757489196349842e-02 2.747283021380754420e+00 -3.959956041550769523e-01 6.043601339353905644e-01 4.415027990943936942e+01
2.957750909602472689e+01 7.920712238279737250e+00 4.895255369554187830e-01 7.037111683078817875e-03 2.353727593416090474e-02 4.705223135570508752e+00 1.575910477693489575e-01 2.482849391917087534e+00 5.756064454757083126e+01
2.826504385636410177e+01 4.119326360213027449e+00 -2.207419739351632604e-01 1.451583994110140123e-03 2.335484548354185147e-02 3.163280277127308526e+00 -8.840133370002847268e-01 8.854348290573417213e-01 5.126321720869498222e+01
2.836034361356430011e+01 5.369397961889647242e+00 4.982209251782056536e-01 5.819676200556254952e-03 2.375301008558853774e-02 2.156466360117494485e+00 3.423285466976966340e-02 1.842012539348635958e+00 5.803552663170193426e+01
2.929660555617090267e+01 6.007381079851762173e+00 1.277222009323054075e-01 6.763305134942703550e-03 2.347871170526050905e-02 5.155659180388564522e+00 4.995818244610283898e-01 9.948595469022469828e-01 4.903193985875355310e+01
2.604740580741110278e+01 5.191377922292500280e+00 4.432819460995605643e-01 4.017175306523388702e-03 2.356518837935176955e-02 1.911758675608966618e+00 -2.648340953837071687e-01 1.199759456064189989e+00 5.369276228946090868e+01
2.790392696284776619e+01 8.148332089891983543e+00 -3.949624510273408440e-01 5.590869863831314686e-03 2.375261183017650726e-02 2.710383907179242158e+00 8.124104104133165194e-01 8.383680568968854274e-01 6.572054906279696240e+01
2.738897971358412420e+01 8.329821643957865618e+00 1.024815459187151251e-02 4.765681164585061635e-03 2.357945647071573586e-02 2.955238643157662271e+00 -1.752534473643518886e-01 1.540663579433060981e+00 5.304759491095315838e+01
2.665972212195938695e+01 4.918091138015620700e+00 4.169739420234321869e-01 5.138935653369695877e-03 2.348960218727641838e-02 4.408080982839972961e+00 1.205163783287943158e+00 1.435562496405739241e-01 6.767643734839280967e+01
2.685236844877840312e+01 6.525820174327851220e+00 -2.894142157032969509e-01 7.899310454935996526e-03 2.348386268597898313e-02 4.144346406314115328e+00 3.797621369497745647e-01 1.663583185210800730e+00 6.911503034781668475e+01
2.657363143756168000e+01 6.544074482529045333e+00 2.723323117618835498e-01 7.688319668201435905e-03 2.355603277536640061e-02 4.082864983084842692e+00 7.630685820782421303e-01 1.275623259884482552e+00 5.167519666815736912e+01
2.828477156858777164e+01 5.336622880805179214e+00 -3.188825273572297170e-01 8.661226858039655987e-03 2.317299550521394191e-02 3.964518218868366084e+00 1.673915190377406326e-01 1.839844986482240374e+00 5.529112171174595858e+01
2.731272431680489987e+01 4.580183766198912210e+00 3.515380656606703624e-01 3.553592549062267389e-03 2.350227003931883857e-02 5.107070763814284042e+00 -2.315123717904445932e-01 3.000012530606459116e+00 5.283350111519750669e+01
2.746700729419176312e+01 3.168207200407491264e+00 -1.638575682640456277e-01 4.574420187609711669e-03 2.324166912536881902e-02 2.441344877750365683e+00 -9.421746667015523657e-01 1.892168154579722872e+00 7.032898686220424622e+01
2.712531777630779573e+01 7.058521372403145477e+00 -2.060244679250749500e-01 7.910383384349998007e-03 2.359076367120590059e-02 1.930847574026323121e+00 2.970922011454835143e-01 2.118296987447387814e+00 6.198082975984338105e+01
2.824055115680582873e+01 5.332561429585421564e+00 -5.746807986410757962e-01 6.223175093621877672e-03 2.334503902400650657e-02 1.895164450235098386e+00 -1.122855836885926939e+00 1.878550167618678213e+00 8.451547094504280722e+01
2.829469046753623118e+01 2.590183306955538445e+00 4.331893730481946592e-01 8.360306295165622487e-03 2.361728634800512941e-02 3.743258020341329484e+00 7.133879467725767753e-01 9.982178001292055791e-01 5.375164613205897979e+01
2.934470390226663739e+01 9.486628847946814602e+00 -3.860213201702437646e-01 5.129740578637999315e-03 2.323161703892988664e-02 4.643289875155672597e+00 -3.181286339454958423e-01 9.857430285441384221e-01 5.407017031840848631e+01
2.837870676817933102e+01 6.480963784852804110e+00 -5.550288138095281765e-01 3.845520112983284028e-03 2.310092869923384071e-02 4.442637356128012804e+00 -2.717837030900600581e-01 8.177655457972199393e-01 5.045080097586748735e+01
2.659012330777829547e+01 7.454478736000624828e+00 6.427370298201735554e-01 9.623596348282211985e-03 2.329072134062291563e-02 3.720893905030174142e+00 5.084118937281267847e-02 1.561534347431836389e+00 5.189465244437749902e+01
2.537127738146334011e+01 7.437364380827574450e+00 -1.862803635678558778e-01 8.695210918778903744e-03 2.354276746090799843e-02 1.127857026613374947e+00 1.032301454049038281e+00 9.665066075868520290e-01 5.634731534658927643e+01
2.658513607515859078e+01 2.408597401678303829e+00 4.217998540203969360e-01 4.514812190397057487e-03 2.326469713886179444e-02 1.976356136874221736e+00 5.101862796349343476e-01 1.829975864158442267e+00 6.929973146305643183e+01
2.640619048421178761e+01 5.855287701152291469e+00 -4.927704796454316916e-01 1.114612288512190985e-04 2.355597780590578533e-02 2.585963793402377586e+00 3.806224615926110388e-01 2.803379300942081098e+00 5.936663545368960371e+01
2.660696931346335248e+01 6.177641296686844363e+00 2.977903127582502418e-01 2.325134024656546738e-03 2.361723259772975647e-02 1.801837104362888242e+00 1.101342892390422268e-01 1.910508831575233657e+00 5.463951504759883449e+01
2.785334469366210186e+01 7.485604518854576561e+00 -2.080000892080917096e-01 2.396139337755630577e-03 2.347246563724658328e-02 2.878803715563522658e+00 1.385844170163572642e-01 1.806210691785431477e+00 5.869400296413811446e+01
2.794762697921609274e+01 5.551625035030013144e+00 3.626370885998539961e-01 1.297235658816338604e-03 2.344606310125813692e-02 4.912065923385028121e+00 -2.213170867201879055e-01 2.775261100948686721e+00 5.615415257722006714e+01
2.637220620052521625e+01 2.813040600802728441e+00 -2.171974566390187807e-04 3.862524040021557241e-03 2.332056457542038691e-02 4.347511077220299391e+00 -5.094433116490826308e-03 9.572284195892206693e-01 4.871687948065452645e+01
2.669182703644685617e+01 1.573379770613448914e+00 -3.057058378147244904e-01 6.236717115170582401e-03 2.329057967202546875e-02 1.040721556360228783e+00 5.565217866634792898e-01 1.573154780950536402e+00 4.997503088655059855e+01
2.790867763597383799e+01 6.647795434293826133e+00 -1.282911439025821443e-01 6.099556422012432713e-03 2.333025904696238786e-02 2.181911146273514124e+00 -5.288011774844381119e-01 8.044119365103346020e-01 5.800485608644618196e+01
2.738460452126797051e+01 3.861687565187707616e+00 3.699627755486316061e-01 4.848735879635418175e-03 2.364003747223769603e-02 4.646614469101042033e+00 1.862387046400779678e-01 2.349332613981382156e+00 5.927945673685275807e+01
2.794394472746266445e+01 4.481945207635498640e+00 9.019016277124536352e-02 5.595453627775556597e-03 2.346238953657521498e-02 4.111527313525087379e+00 5.178921996849150666e-01 1.389013564731002903e+00 5.126537228818268943e+01
2.718189233311698416e+01 4.520758616626115334e+00 -3.559447364653148815e-01 1.131973374368524989e-03 2.329651254963792384e-02 2.691579054773301394e+00 8.957792742594969937e-01 2.571217500059153949e+00 5.108978887162697191e+01
2.688246153181328779e+01 2.937689402914097414e+00 4.213182264611723543e-02 1.222909630029816617e-03 2.314814511927856810e-02 2.072784104278781125e+00 -7.529568054011215317e-02 1.241432831641562151e+00 6.100311707666708116e+01
2.651308352924470313e+01 6.048322713431088182e+00 1.801587654918788139e-01 4.697962430860855645e-03 2.346049406642867693e-02 4.505844634664093462e+00 -8.000333998756440357e-01 1.177176706428289199e+00 5.495581388997865702e+01
2.587745126832457032e+01 6.052994054594184270e+00 3.778665138329681539e-01 7.195212324504159963e-04 2.313266131641268306e-02 2.151611162895580076e+00 6.937014346473686643e-01 9.322792786156501865e-01 5.443836002052548650e+01
2.670907865083080779e+01 8.230419862018537813e+00 5.566955642717573705e-01 9.216270304536923821e-03 2.376042445406566228e-02 8.565403625932213050e-01 9.353896981037586045e-01 1.389492338655548220e+00 5.182017702152346317e+01
2.909565116713724464e+01 3.790159851151794879e+00 2.565396333706030374e-01 7.682908110968973171e-03 2.374767198560586573e-02 5.587760091052728306e+00 7.497053778583815387e-01 2.864921212790034755e+00 6.082788621621035929e+01
2.660268120845118389e+01 7.425680580803283526e+00 -4.014797039998923567e-01 6.675245645506895122e-03 2.342029663559191954e-02 3.621039192844269561e+00 1.811202411951144953e-01 9.335164820700975197e-01 5.857070313993063593e+01
2.761566959373044838e+01 5.331167975289939243e+00 -3.586932436204182117e-01 3.722549580957495996e-03 2.347122788307761873e-02 3.040831070124634827e+00 -5.261691991673376201e-01 1.775869848116935490e+00 5.268342501507872555e+01
2.933067862185019337e+01 3.573930050249764623e+00 -2.277125212905626861e-01 3.020265861169154438e-05 2.352714970971608172e-02 2.388556632528788359e+00 -9.111293219118765663e-02 1.496443118928484362e+00 5.035727909918009004e+01
2.774068046116425634e+01 6.501470335434492931e+00 1.931358412159258908e-01 8.201484466070239898e-03 2.340347601697372049e-02 4.392977387144421542e+00 -1.735566639859609239e-02 2.739382838790639152e+00 5.544901043978475030e+01
2.865361066207990248e+01 3.778747216790125041e+00 1.599759843861254249e-01 1.710255610300926918e-03 2.345722390688909087e-02 2.698177718362390731e+00 -1.554763449792759822e-01 2.116530975116198032e+00 6.492585317584926941e+01
2.788476299271887626e+01 2.657119437567919018e+00 3.086075814205335721e-01 6.674317447669070140e-03 2.368752578394984001e-02 3.604655073859360570e+00 1.135947116910376309e-01 1.366782945645342862e+00 5.328695579409971117e+01
2.746799537972629679e+01 8.084830530173119811e+00 -3.672643531987316856e-01 6.157110886839994163e-03 2.338116757715816632e-02 4.240668235431151345e+00 6.526767715946699688e-01 4.455393235990606771e-01 5.368527365732820300e+01
2.832592762701361266e+01 6.740747801408318196e+00 2.251706907586770168e-01 8.914750353695285665e-03 2.377607668489748957e-02 3.582665379970241037e+00 6.123003260416775007e-01 6.356204152846399724e-01 6.214367404786948157e+01
2.714428876506137911e+01 5.552512005007862683e+00 5.782550018597972658e-02 5.951462310502687175e-03 2.345041188540886862e-02 3.458009750216434863e+00 -3.990301495470163218e-01 7.023871012406051051e-01 4.992927042677153082e+01
2.710926963734024753e+01 4.768802400708867850e+00 -3.258528278470062545e-01 1.873475143810505701e-03 2.353279740081567692e-02 4.407329550726288403e+00 -5.657710736271359675e-01 2.305056999422864461e+00 5.741434085680992183e+01
2.630619976318363840e+01 6.476256215108595171e+00 -3.642578238766717158e-01 2.489863834786652171e-07 2.344506841153046889e-02 3.683502011922517472e+00 4.911399581083100152e-01 1.766329583510453327e+00 5.685526437652586651e+01
2.713645801015930203e+01 8.103551890237646660e+00 -2.138608027686784152e-01 3.966469159586006980e-03 2.345932269489277994e-02 8.717635634185608717e-01 1.317340264937429950e-01 1.394468152089123114e+00 5.901152079886283275e+01
2.652473839112105836e+01 8.062534090253425489e+00 1.870032276418575612e-01 8.354786136489787685e-03 2.317056384814079190e-02 5.321755325853247953e+00 4.066717128204202503e-01 2.292579587932694896e+00 5.547225691124027946e+01
2.743902451610939863e+01 4.784491943937288383e+00 9.751884190089694926e-02 1.104118856382677732e-03 2.376643236116417549e-02 1.754397460252354435e+00 -1.421058291623338299e-01 2.061266458733125528e+00 5.383912561585092504e+01
2.601320500186163187e+01 4.867788564049904565e+00 -2.418378618856978080e-01 2.358837548839766692e-05 2.359473823410266832e-02 4.466312878760803073e+00 1.055783292043861898e+00 6.792936020240499806e-01 6.151194301659685948e+01
2.733978631617638655e+01 3.942700710392414098e+00 1.777588535783647672e-01 6.467628964953454386e-03 2.341374401708614522e-02 4.208479474109577012e+00 -1.792596837723237080e-02 8.824762911900514428e-01 5.754374989084853809e+01
2.651842714624187280e+01 6.622567373650293909e+00 5.287433681479042358e-01 8.443984094017200140e-03 2.355443094485495936e-02 9.225655983240884650e-01 -5.309076416195668280e-01 4.798914584609182965e-01 4.701935373901517323e+01
2.716502398934508378e+01 5.360503983067317790e+00 9.418794106682253087e-02 7.363993469605104036e-03 2.332436463802121246e-02 3.669762641776268541e+00 1.083622584121815002e+00 2.256059371411595293e+00 5.356134189445890570e+01
2.835874617342156867e+01 2.694445925612397374e+00 9.957524179795257391e-01 3.509718759743713466e-03 2.384787940227347039e-02 4.089896027122677857e+00 4.872314636129453369e-01 1.514320104608724238e+00 6.115700033671011937e+01
2.721929292546383294e+01 5.422425338492366187e+00 -1.269855092706379529e-01 2.514524669688340559e-03 2.340778175645579981e-02 4.074871264442054830e+00 1.345432837593365516e-01 1.845353505173183306e+00 5.337546698871658890e+01
2.756394016350722609e+01 4.695533214805850619e+00 -2.101111373179738173e-01 5.245467977933598869e-03 2.341508854798522374e-02 2.938373780653394718e+00 -9.533869448566349991e-01 1.890308713645133309e+00 7.028740003462911545e+01
2.727628797785827430e+01 5.235399675046185308e+00 -5.925076874571388874e-01 5.843172648588260999e-03 2.348744371333068293e-02 5.084014129286877903e+00 3.904608918317729049e-01 2.695128174783965491e+00 6.271378496832759453e+01
2.679763850703236372e+01 5.408083137446452859e+00 3.239979249705782216e-02 9.086372501223535444e-03 2.348886657842410783e-02 4.782405941819677153e+00 -1.278134266950776698e-01 2.103461231503902518e+00 6.076203627801799456e+01
2.539603987192579382e+01 6.184015842942822694e+00 -2.091484803623629152e-01 2.925914195375156970e-03 2.336306909252492195e-02 1.683765788172571387e+00 6.784180968524045063e-02 1.800891221898951455e+00 5.169042744503456532e+01
2.821812486560297373e+01 6.991038827307995973e+00 -3.480006598049924516e-01 6.417292938345263258e-03 2.380249849263624956e-02 3.254712523942639546e+00 -8.186827950280822774e-01 1.283643441190678969e+00 5.714910213828994046e+01
2.685053780672759771e+01 7.838498367735827088e+00 5.568091823759724335e-02 7.897902449173821449e-03 2.363274755991271597e-02 2.547028352334717471e+00 9.832123298370953890e-01 1.543293713770861109e+00 5.388286545760696811e+01
2.802795553028155595e+01 6.521144817205818178e+00 2.896368641039874237e-01 6.372730106857033699e-03 2.343729655807899603e-02 2.684283307844446576e+00 -5.990424962890705807e-01 1.393135905489549353e+00 6.195721354280922810e+01
2.628888586038706165e+01 5.686301581163679231e+00 2.981276447666888485e-01 5.690489142469925578e-03 2.361640417852766891e-02 4.149685905025926047e+00 5.165073579896461986e-01 1.157474624319945633e+00 5.840419551627973505e+01
2.814169598195532274e+01 4.990479051471062633e+00 -2.031088098343498405e-01 6.299852353918139469e-03 2.360205633783413193e-02 2.966063942652870544e+00 1.096080273649997494e+00 1.595305296883115176e+00 5.114443483578011040e+01
2.847617869816115288e+01 6.963123901766850921e+00 -2.455889021514093620e-02 4.327519385811382131e-03 2.329876133416619241e-02 2.523681025939390477e+00 -5.278251828659086264e-02 1.420168152835998843e+00 5.489916032131089452e+01
2.733954773053654463e+01 6.383359859615252319e+00 1.740391101600888835e-01 7.568613507170947460e-04 2.362408591486440945e-02 4.711446765299963424e+00 6.463218320163894859e-01 9.871032585926303726e-01 5.717713655505983184e+01
2.807007561722724631e+01 2.739120908631396123e+00 3.312858194533919165e-01 5.300268208008260262e-03 2.337309704955930698e-02 2.824093937017920108e+00 -1.376259442426096324e+00 8.776314506588021869e-02 6.965832729549602220e+01
2.965300029625489486e+01 3.431983467205508731e+00 2.866060194149473439e-01 4.450569714080440317e-03 2.342828654322627602e-02 3.316592180919601507e+00 -7.445538278113491559e-01 2.805574747434662175e+00 6.013946694651519209e+01
2.927390302692216650e+01 3.070975588297616632e+00 2.825783359729924782e-01 3.285491801667719813e-03 2.355834079194511071e-02 3.746164202277324939e+00 -4.220756877781124405e-01 1.180532062022058959e+00 5.432670731948618226e+01
2.829983222521400066e+01 3.243305195814824682e+00 4.481217258645628920e-01 5.552816964686201062e-03 2.380420740291483081e-02 2.090346531064448232e+00 6.721089733960252666e-01 1.691725207376471918e+00 4.929932072840377799e+01
2.698199900681756702e+01 6.468830535933273396e+00 -7.596055468810368472e-02 9.127366402667536072e-03 2.335916980694264372e-02 2.226769293343779488e+00 -1.286229662855477462e+00 2.375913256870569423e+00 5.610457226769583627e+01
2.841506322940115226e+01 7.133515367975748589e+00 -7.195611693377118069e-03 4.291865387655209758e-03 2.343380032564959872e-02 3.242708807743450272e+00 6.825526004802124902e-01 2.292197264751361985e+00 5.567986715870862469e+01
2.872918059076801356e+01 3.375205142799696301e+00 7.626659485630162827e-01 3.521585560548778546e-04 2.378507335438862641e-02 5.197537240633446132e+00 -1.418784376346956533e+00 1.209888653619605181e+00 6.094627561538960947e+01
2.714575894178953064e+01 2.186529166945673008e+00 2.644183554723513185e-01 8.170781893470639712e-03 2.358262661697712106e-02 4.328003096168659525e+00 -6.765709341800318910e-02 1.546634434593985086e+00 5.560020538775808063e+01
2.679139119225397891e+01 2.862674792060178941e+00 2.543017111777262085e-01 5.680325666557772477e-03 2.361812383413504010e-02 4.144731749084709982e+00 6.242090173307452972e-01 2.302192379204422323e+00 4.863273995582443376e+01
2.704794164338692042e+01 6.554894320204930125e+00 -1.782480560569423278e-01 2.802119359033931976e-03 2.329354340867193646e-02 4.736012451284962843e+00 -1.543350488193959702e-01 2.025632501441355426e+00 6.052016752554941093e+01
2.672578545298517128e+01 6.958776508998642640e+00 -1.901842409919750621e-01 6.922934743160703494e-03 2.365034984465764351e-02 3.064929450465814220e+00 -1.979662850968266774e-01 2.203106782527173735e+00 4.850183970309574732e+01
2.777081573064351616e+01 6.233992935338721786e+00 3.326377196189482799e-01 6.070260731200889832e-03 2.320756342329469146e-02 4.684931661948064985e+00 -3.329655233258657088e-01 2.357106085498803960e+00 4.737997280248997356e+01
2.716399910826484643e+01 8.766397859525355329e+00 -3.691936503831408367e-01 4.870531316596070533e-03 2.337056107132876384e-02 2.334455944617837897e+00 -5.608036290866347251e-01 3.351025413771871030e-03 7.210876565544202776e+01
2.828507165452792549e+01 4.511905972538420073e+00 7.670202587553731632e-02 6.370033293643509453e-03 2.316068854987939074e-02 2.681598522363146220e+00 6.726269288838371274e-02 2.550202025900570657e+00 5.059812043633674961e+01
2.811935808685585059e+01 5.042650842982226322e+00 -3.171109109879101107e-01 5.737904559281873686e-03 2.346633508665926099e-02 5.771872169909047834e+00 -2.545202774372783416e-01 8.276323623493077042e-01 5.940025572940528775e+01
2.828202331671754521e+01 4.690648149111443566e+00 -4.282848214991044067e-01 1.723157437044072003e-05 2.351044812461992178e-02 3.698795704570553955e+00 -8.668446249934080861e-02 2.657775386948779683e-01 7.124746297897632985e+01
2.982492276887450444e+01 2.349524265095876085e+00 -4.858129179059767488e-01 4.335539279698871935e-03 2.318607214405900979e-02 1.944673813172295151e+00 -1.026804958198187068e+00 2.339830406954916953e+00 4.618073990968196085e+01
2.684520616673552951e+01 5.804722075641706169e+00 2.013264186852508630e-01 2.729974495169603266e-03 2.339663280218434727e-02 3.710587443100317184e+00 2.223035106091195701e-01 8.222357298119055136e-01 5.462886705266804910e+01
2.892330245252259147e+01 1.307528472893246363e+00 1.838552940749186293e-01 2.041412045048465219e-03 2.346282447894334350e-02 2.602771308492928704e+00 1.077942261078375097e+00 2.771508391848719999e+00 6.288232358999298555e+01
2.552568780010344085e+01 7.238476409577672577e+00 6.150713267749063906e-01 6.787681380534631853e-03 2.335629768059700739e-02 3.643637432564612144e+00 -1.094891165815701228e+00 4.308162397394703080e-01 6.589800907643611083e+01
2.688038830817630398e+01 6.026922000339165919e+00 -2.543727690887816195e-02 8.399787282912922828e-03 2.343449052570709470e-02 3.879763397966430105e+00 -8.911771965669368356e-02 7.631042876267341013e-01 5.643584311154842936e+01
2.661690444119068388e+01 6.547352692241444672e+00 -3.392860013880686365e-01 4.111609358204543728e-03 2.342286691893874853e-02 3.842465454155007176e+00 -1.104370632210497805e+00 1.473059728510213384e+00 6.183318306651763407e+01
2.709934679981623518e+01 6.865263827660213813e+00 3.591146399309498860e-01 3.655714076630363525e-03 2.342975875921108828e-02 4.415136342527516078e+00 8.896931404705554769e-02 1.959536373339425763e+00 5.232018257156396857e+01
2.507631559911247265e+01 4.212191921954244300e+00 -6.610721447965468567e-01 6.421112113525802127e-03 2.344340277437907336e-02 3.957963909190366891e+00 1.241544757300798274e+00 2.266269296053674331e+00 5.854850691330628365e+01
2.770760989086452497e+01 4.007630165200731120e+00 -1.609510035187630694e-01 5.811283477641631529e-03 2.362199726158100907e-02 2.756035202311839516e+00 8.583214731076727055e-02 1.560325448875905296e+00 6.352484330759954645e+01
2.655191397511196172e+01 3.311332671744842138e+00 2.993340676486559437e-01 8.229715749433118288e-03 2.351435494321854960e-02 3.617733660444708566e+00 -1.035148803709822207e-01 1.487073261709112248e+00 5.088798556817513941e+01
2.761143502877877864e+01 5.499209567479940830e+00 -9.164077699777674682e-03 6.327636344347447456e-03 2.341299236394688357e-02 4.486588559919751695e+00 -6.945104609411530960e-01 6.350598754419936043e-01 5.775021444210091204e+01
2.789442629561419551e+01 6.887768311042582248e+00 -3.713124632882720544e-01 2.287786322080545814e-03 2.363187029724844734e-02 2.768394734515702282e+00 -9.075154235600295660e-01 2.228718512586511213e+00 5.828493518848808463e+01
2.809134018736960670e+01 6.894374335859714265e+00 2.206471514032093961e-01 4.774619248685547761e-03 2.365150651188699035e-02 3.496223001713897105e+00 -1.021298038809739239e+00 1.173737904668248566e+00 6.259696228189688583e+01
2.808833676666795398e+01 3.281712530676911932e+00 -9.607477487621259027e-02 1.702617844185146069e-03 2.334678647603691953e-02 4.573484816778308648e+00 -9.525194455665758619e-01 9.737017092751959479e-01 5.509518791685520966e+01
2.763794746711508310e+01 4.681753674732969550e+00 -7.856703401282941757e-01 5.303793185384212544e-03 2.308945074002406034e-02 1.505743817423057740e+00 9.506327320966456718e-01 1.149714052772276895e+00 5.597936513451737284e+01
2.512286688844874760e+01 7.980870669947131013e+00 1.149520778785518005e-01 6.233953005458175121e-03 2.334003028187130874e-02 3.853358444340088784e+00 4.952784354297294911e-01 2.968743062991006987e+00 6.029156592062524567e+01
2.740420132042953583e+01 4.918761459219817667e+00 -2.492934923088144239e-01 6.468162467217162918e-03 2.325916768745272742e-02 4.550098773170734745e+00 1.956114343384152132e-01 1.992021963853752853e+00 5.531238900843710127e+01
2.776945494052446151e+01 4.894155261284129033e+00 2.257657701427147681e-02 1.445655835342375467e-03 2.338335994893870132e-02 3.628386537318130323e+00 -5.204019678701801155e-01 7.837017471550482561e-01 5.509053602512204151e+01
2.662634587862472912e+01 1.964342537765476626e+00 1.866526617959299861e-01 6.514357545053535425e-03 2.339064170045053112e-02 2.616966671500438490e+00 -2.010727926604067850e-01 2.571485025355304099e+00 5.234145617712777465e+01
2.743277252328458360e+01 5.766194343564119862e+00 2.376163714722033526e-01 4.270691153205562890e-03 2.315379130757500015e-02 4.237219629281574029e+00 -6.766389121736748891e-02 1.561754094113641855e+00 6.237631310806946772e+01
2.670747825574188639e+01 3.930627514201707751e+00 -7.630060767442962133e-01 5.111738935216634389e-03 2.357137086713693638e-02 1.899978152197545622e+00 -3.860988501112805338e-01 1.023027808604801248e+00 5.305317832678281320e+01
2.874785688946440487e+01 4.957734620488409405e+00 -4.120090832809517600e-01 1.616011166272095364e-03 2.348668559808328796e-02 2.182569436946801833e+00 1.851308637836655002e-01 2.180407836508969410e+00 5.262728147132079215e+01
2.707078711132596638e+01 6.019138417501700644e+00 4.696498674172584487e-01 7.096868622980246483e-03 2.342928454882178130e-02 2.553646219606064083e+00 8.408745250782709846e-01 8.174682450074169937e-01 6.509318057823887216e+01
2.750034689762607343e+01 5.477902073398033700e+00 4.150189985107373136e-01 7.518672854725691815e-03 2.365436247288517715e-02 3.973576298047564848e+00 -3.633454127120450128e-01 2.762340350427116675e+00 6.397584684531583576e+01
2.709695809238106889e+01 5.985418534225644294e+00 -2.272593134645202462e-01 6.676735451522900280e-03 2.342136446147301959e-02 3.726878855147047531e+00 -2.206517097353002388e-01 1.989317122087966627e+00 4.749329444360372321e+01
2.596098122567019573e+01 4.870545211643550587e+00 1.313853146667254834e-01 6.069628671561475355e-03 2.357289995218046427e-02 2.331211370962689156e+00 6.021515569716893168e-01 1.730385034827270463e+00 6.947035613589800107e+01
2.621761699516572719e+01 5.053660837099641867e+00 2.867439361660313324e-01 4.178783179363685513e-03 2.367994870062238577e-02 4.654121444918836836e+00 1.917259738013485926e-01 1.092844986826747800e+00 4.942759841054846959e+01
2.831456181678851181e+01 3.933239313214331734e+00 -2.877596884744773043e-01 6.051771108781071884e-03 2.332882089745398277e-02 1.980792866637033800e+00 -4.998461330861441176e-01 1.576049224692527950e+00 4.526294467819317191e+01
2.636397754611678579e+01 6.225276704585280818e+00 7.483426161126768839e-02 9.009257812969205526e-03 2.334762100832721982e-02 2.779810913866553879e+00 4.365408223373665741e-01 1.152769823962111806e+00 6.871726674081780573e+01
2.840068494287091383e+01 6.687437229102370928e+00 -6.684581354402517883e-01 3.683630342018478446e-03 2.361556350986274144e-02 2.435086314509738781e+00 -1.162941738427309746e+00 2.454571686826976684e+00 5.049642287984411126e+01
2.952105394730279642e+01 6.616049519626385766e+00 2.247650451182707232e-01 3.830212413490697784e-03 2.331147789227448058e-02 5.498472724665386835e+00 -6.731330709442024940e-01 1.547649148271739161e+00 5.586661632378233833e+01
2.686896060844278367e+01 5.767063727389142969e+00 9.813382077815883953e-02 1.594244879872179759e-03 2.334580522800159055e-02 3.508644586618835604e+00 2.431645881821631328e-01 7.981367372496164236e-01 5.540436229196279072e+01
2.712700373441588297e+01 6.100783512381955376e+00 1.945847062848766185e-01 5.409405638716966412e-03 2.333856951215699735e-02 5.363934161659237532e+00 -1.689745582289823300e-01 1.585327934661985960e+00 5.249171407865126326e+01
2.720861875568005317e+01 3.716356997329101297e+00 -1.656516427725240603e-01 5.193542991024462790e-03 2.320849424858913157e-02 3.789817008331769710e+00 6.852422852807049658e-02 2.048334739113410130e+00 5.139598042491611807e+01
2.820860615037053165e+01 4.027183233268892160e+00 -2.743574951555413644e-01 7.751222932787018953e-03 2.352489597476726049e-02 3.838298292787943655e+00 7.399305412246985902e-01 6.300538744116547241e-01 5.134783306958659210e+01
2.720326127078401512e+01 4.937864390090023647e+00 6.720916517400260179e-03 7.168394533850711708e-03 2.349542290402354891e-02 2.612002548004611402e+00 3.568366523642563237e-01 8.575678716072434593e-01 5.584130587977766425e+01
2.697172278218309316e+01 6.167399881913163462e+00 6.058078180683506425e-02 7.501756890131838079e-03 2.340009413071363412e-02 2.982617179394019047e+00 4.745997543306907929e-01 2.059716397669121069e+00 4.577868708206772652e+01
2.754026521476061617e+01 4.593260271396648164e+00 2.180866467045617374e-01 6.065448550528326245e-03 2.336826282709794297e-02 1.380703004275569690e+00 -6.724969483666101144e-01 1.939609361397974574e+00 5.249640909411019152e+01
2.754166023774482852e+01 3.212262932521392500e+00 -9.951896846914227712e-01 5.406641396141188653e-03 2.352431289377130905e-02 2.962391566892491390e+00 -8.764865712714842161e-02 1.748136852800065810e+00 4.546958274813630396e+01
2.707442021582679104e+01 5.664764622758116985e+00 2.850369764920656079e-01 7.387649108720098501e-03 2.346784789447344324e-02 2.967737502861863774e+00 -3.930385538953784508e-01 1.221036762499699613e+00 5.841235669368446537e+01
2.890480221646732772e+01 2.936489247908110389e+00 -2.951341271376530795e-01 6.889358464617466836e-03 2.350118580587907610e-02 2.516171738540120106e+00 -9.285074961236464697e-01 1.732579832940805975e+00 4.789994207881701982e+01
2.652213514149330109e+01 4.909756890804121809e+00 8.043946561731905864e-02 3.003178662417518635e-04 2.349636650567265769e-02 3.095193802474162759e+00 -8.150889947251067635e-01 1.012370961417868198e+00 6.744452281242274694e+01
2.778713988913271393e+01 8.070774833889020172e+00 2.148301458612878745e-01 3.282938329826141661e-03 2.332015966172501162e-02 2.622200947879788746e+00 7.604869026672647081e-01 1.557594730159422403e+00 6.348191531577654700e+01
2.595501043685645470e+01 5.353337324086185234e+00 -3.210671837890970437e-01 4.545564922403965910e-03 2.355061558480028155e-02 2.591579163698529698e+00 1.001835094903942291e-01 1.205743132479669466e+00 5.402191440071633366e+01
2.819209746385740800e+01 1.583487293754509251e+00 -2.476183388464046342e-01 7.105395115508787024e-03 2.344595932820970133e-02 2.596307785408848101e+00 -1.060188798455660830e+00 5.790736661306296051e-01 6.766335210280028889e+01
2.657092127091106093e+01 5.029291054106892922e+00 1.684207700863203649e-01 3.213661436693764084e-03 2.324811356935429368e-02 4.321703638087098120e+00 6.452543631930249823e-01 8.971469143662517132e-01 6.481564206386204319e+01
2.701889290724932735e+01 5.916997809564504607e+00 -3.076003812877162180e-01 4.140853494839392447e-03 2.349242808887646097e-02 2.151477447590298020e+00 -2.128955204921392230e-01 2.970601363226522018e+00 6.728424892489940135e+01
2.743662695646691674e+01 5.466315405985471720e+00 3.109246335436162689e-01 4.759778643304264992e-03 2.306585085285928205e-02 2.482508892292071945e+00 9.463387778149279228e-02 1.454236051788434292e+00 5.654120548325295204e+01
2.643130855136901047e+01 4.977050310150803902e+00 -4.847199386632847218e-01 5.924651250550343022e-03 2.351421357469768436e-02 2.373162223122676551e+00 -3.073835129731823379e-01 1.452705497707057702e+00 5.894927680480749643e+01
2.926646174343911255e+01 9.113057034502920928e+00 -5.709114357058753947e-02 3.105239738673680472e-03 2.343728320378581087e-02 2.823379849301354660e+00 8.258090914975939612e-01 1.366405745129273486e+00 5.277347009616598683e+01
2.763450736637302896e+01 4.253068326080254202e+00 -2.847849565755289358e-01 4.587435693042178284e-03 2.364194716668161986e-02 4.273534568867877859e+00 4.144393918503894714e-01 2.674034382917485075e+00 4.930749141236566402e+01
2.830180546387924423e+01 5.187405029655660194e+00 -3.582301308843657828e-01 5.459989791194165901e-03 2.364988795358465012e-02 1.923139768826684914e+00 3.375924962883303238e-03 7.922983894255346549e-01 5.462538603207580934e+01
2.762686185287383367e+01 4.139706293838296247e+00 3.615757772430637784e-01 5.346551153098435573e-03 2.326182218000187596e-02 2.947008315274035173e+00 2.501071169498207958e-01 1.481773774010513467e+00 6.264548421499030439e+01
2.879263749778131398e+01 8.214617268608177980e+00 5.187454995860789619e-01 2.911378739313375767e-03 2.370707177122442083e-02 1.699386081568055484e+00 -1.076677148322578104e+00 1.711467168265448757e+00 5.906320077974903171e+01
2.854279898573216556e+01 4.666214700701921458e+00 -1.822004080144812577e-01 3.784743333561223482e-03 2.345119733072361171e-02 5.079886708647602944e+00 -2.236811211574758484e-01 8.393809166533282573e-01 5.142378019906161057e+01
2.694826043453453224e+01 5.671100962914487731e+00 3.227656232879593801e-01 6.201944378938819592e-03 2.318253288227637571e-02 1.059486494922350142e+00 5.115164414276733851e-01 1.676587357160230773e+00 5.383605707621766356e+01
2.527388860012616334e+01 8.072950069591747990e+00 2.462881761902359912e-01 8.715954697130687961e-03 2.347126004054636214e-02 6.044821176873333535e+00 1.092347283333181984e+00 2.854086984187331755e-01 6.448043762097488241e+01
2.646426050545797537e+01 4.228600906460731501e+00 -2.795477227322881175e-01 4.261244278860962936e-03 2.335462873164503503e-02 1.586356227135472308e+00 -6.990670932938427562e-01 1.080722969397741817e+00 4.511629112967202815e+01
