2.116206231000282756e+01 4.766699166524421827e+00 -1.921273152021525377e-01 3.473247850723281804e-03 2.764890056376557992e-02 5.000141336191458841e+00 1.416796311650521112e-01 1.143199309917805939e+00 5.342459732909787107e+01
2.239645887764281085e+01 8.351388786798025876e+00 -2.271806541687753644e-01 2.104358454286957194e-03 2.753896282515740437e-02 2.075336392542214359e+00 -5.670838184436499674e-01 1.613889234746526125e+00 4.985540186894150594e+01
2.266549148423089477e+01 5.339822841255385200e+00 2.351903058211531339e-01 4.116478164542451516e-03 2.753531868913966507e-02 3.355413442976250327e+00 -1.194988741889371209e-01 1.405857967858767044e+00 6.869565215847730144e+01
2.334852291252557421e+01 3.629865051078185800e+00 3.065606646232422738e-01 9.836093469728111188e-03 2.752057159953615745e-02 2.544247325442293928e+00 3.047316067394474359e-01 2.380826590115195263e+00 5.614196611212173593e+01
2.211442353487958101e+01 1.533060264848826071e+00 1.113904540827502787e-01 8.967352348703388695e-03 2.740522371024129572e-02 2.232059534488441521e+00 8.579219052262865297e-01 1.908372245607823370e+00 6.035991358177700761e+01
2.366552794400528725e+01 1.945482985728549608e+00 1.480258137506287319e-01 2.577134331645231265e-03 2.775860572169183346e-02 4.085096645416408379e+00 1.328339982230914984e-01 2.570465425526900827e+00 6.314638058644322172e+01
2.372586226060711212e+01 1.483764592575271379e+00 -5.912173507179421250e-01 3.815993859789218717e-03 2.775459499756684906e-02 2.899382962763731530e+00 -9.403918871038826621e-01 5.859176715079964515e-01 5.457451586748764072e+01
2.190542952712391767e+01 2.665763323998088019e+00 5.295926141527129011e-02 9.937814003081141354e-04 2.747301155795905253e-02 2.309400978305030883e+00 3.543573015913197288e-01 4.413801220123235725e-01 6.427695408118177056e+01
2.062412774652662151e+01 7.088703794301890682e+00 1.683702313808968856e-02 1.419009745819981884e-03 2.730582023958203625e-02 4.594358248469887052e+00 -6.693727643107785230e-01 7.742033004686847963e-01 6.391405151887576608e+01
2.156784832876878255e+01 5.275683262849065969e+00 -1.591090324206709816e-01 7.531025907277244004e-03 2.739918289478961849e-02 3.554733331290719889e+00 -1.735515587116791547e-01 1.455653132686312023e+00 5.113112311439694935e+01
2.274947819911050573e+01 2.910791745992473700e+00 -2.680697986233649965e-01 3.084146634081849376e-03 2.727922006394952262e-02 4.809185169905667578e+00 -6.154653914966209394e-01 1.182491867043848455e+00 5.515997373631191181e+01
2.173648710807847095e+01 3.848593475015728238e+00 1.612572522684491971e-01 3.090803074473850304e-03 2.732811995180894904e-02 2.500287231584820358e+00 1.032566964316137259e-01 7.170827038116506236e-01 5.003618287322773028e+01
2.312553370172507172e+01 4.579959873044624707e+00 3.248389212079328958e-01 6.948437767001610678e-03 2.729447161141838538e-02 2.605318830231968086e+00 -1.145359741569507150e-02 1.186165517680612513e+00 5.903791795426285915e+01
2.326356395114223119e+01 6.829024079942493053e+00 2.242145142872470909e-01 8.667846204836456925e-04 2.740676921766865490e-02 4.390332262549237363e+00 3.787397994348438157e-01 2.983763942074351583e+00 4.981948739769775614e+01
2.138932072342521806e+01 4.856423610918430889e+00 -1.662830340194197398e-01 4.486817203290132706e-04 2.753559319132312458e-02 2.712178157698295067e+00 -5.193978913407608644e-01 1.181118773420351209e+00 6.847933686013335830e+01
2.399717010873843392e+01 7.631076310680981578e+00 -2.062723100337190141e-01 1.002177495760528912e-03 2.771501337395917627e-02 4.574216438930130302e+00 -4.645321561144535316e-01 1.198429671581040967e+00 6.068959528776675683e+01
2.275510304877154155e+01 4.269695327724903677e+00 4.051829119721222505e-01 5.917591997446652874e-03 2.764007235459114281e-02 2.375795590089356590e+00 2.667037909953409169e-01 1.217167375087922609e+00 5.487600635603633492e+01
2.265099057760062351e+01 3.994030975321188226e+00 -2.095723655697543930e-01 9.759467823904205679e-04 2.750782992273114597e-02 4.782062515862936181e+00 4.392740745411263248e-01 9.463517611953844444e-01 4.853901773771137584e+01
2.245286204105782346e+01 6.906390915643634720e+00 2.207392276069201562e-02 5.310075661651811503e-03 2.748222927318564809e-02 4.965048993719777037e+00 -1.948842656097713455e-01 9.472716959331449749e-01 5.077452192219798377e+01
2.038576436819775495e+01 7.838050342965951600e+00 5.869072523808904068e-02 7.625388825086196719e-03 2.757734517298118110e-02 8.828247153227789523e-01 -5.279921408721297560e-01 2.476568588321493625e+00 4.623451898835027407e+01
2.046007475735451919e+01 4.543300859012788351e+00 2.420349564571020740e-01 4.848331876509060639e-03 2.742672505572166242e-02 1.433071335523143253e+00 -2.762438774902220562e-01 6.215885015406619196e-01 5.777834902652714533e+01
2.294171722601264207e+01 5.464246883995822479e+00 -2.851508643108406904e-01 9.374319363445751674e-03 2.749937350061865474e-02 3.975074019096275446e+00 4.231353913978146419e-01 1.234667463869198123e+00 6.054754365484529899e+01
2.292653264463886131e+01 4.864459973731933395e+00 2.346004702579589374e-01 6.374679086317829035e-03 2.771374769926701967e-02 4.777286080520192435e+00 1.200940859012860074e-01 1.441095054195056457e+00 5.539920292139410662e+01
2.181853603446493750e+01 5.373769569373576971e+00 1.199256394644883719e-03 1.031180879287352812e-03 2.751976988242566674e-02 2.660764283109004591e+00 -6.097202633329271704e-01 1.841542546513334822e+00 5.298538554514534127e+01
2.369399968533563694e+01 7.952076738889621410e+00 2.183289416708399933e-01 6.571784028255353571e-03 2.759748892067615672e-02 3.086060117759035659e+00 7.625590455044539695e-02 8.273581367158072686e-01 5.200269464180113488e+01
2.004788892985678572e+01 4.966289503204047939e+00 -1.452773229654090170e-01 7.713728125479691082e-04 2.760126916273586764e-02 4.902086926096805186e+00 -4.405466486234193013e-01 1.950303980450311947e+00 4.515426336025075216e+01
2.118171512333682571e+01 4.545715074298923852e+00 -3.803529285882663591e-01 3.447075993428224631e-03 2.765928924338797654e-02 5.690679307040617196e+00 -5.934412479830127873e-01 3.122893246837810111e+00 5.011754242181869046e+01
2.415876470293346756e+01 4.918746107036902515e+00 -2.522705809530022547e-01 9.175982560833337298e-03 2.767692295604299788e-02 7.088185741911766646e-01 -4.942199575063106476e-01 2.340978048205386131e+00 4.737129314010598335e+01
2.256202874851677720e+01 4.171716444581388572e+00 -1.425699978002838708e-01 6.184317878247489429e-03 2.766026305554367473e-02 2.504422148932614167e+00 -6.423889438769936344e-01 5.769228028305323219e-01 5.686713240995160135e+01
2.143164198355019678e+01 6.160517061114949122e+00 -1.932967016875150601e-01 4.279624323460809454e-03 2.703550478832713114e-02 4.377851061089334195e+00 -3.823615444280230591e-01 9.697712638168016763e-01 5.590820012836073261e+01
2.207210353512725831e+01 6.989068065756723236e+00 -1.794569374268306372e-01 5.485143725337628118e-03 2.728981200825527503e-02 1.676101893289346112e+00 8.589687118536204480e-02 2.365239715293312006e+00 4.811762722750223986e+01
2.128618100982852468e+01 7.507037157465047628e+00 -2.276057656434098686e-01 4.327084499676827831e-03 2.775722479339510357e-02 4.575866333440081313e+00 1.160503888194879263e+00 1.509319307044961977e+00 6.254140254294651413e+01
2.431153990965044542e+01 1.811018847692433598e+00 2.771774214092103117e-01 2.611491526534790233e-03 2.718341811875091968e-02 6.422780842817660263e-01 4.630500268577941725e-02 1.436905954805197894e+00 5.986003403313942783e+01
2.119194771909400288e+01 6.843583124809699214e+00 8.567632059378438303e-03 1.300654456632719530e-03 2.739554631700627865e-02 3.947384755056314365e+00 -2.033485132584309518e-01 2.562042736320542247e+00 5.536419641092546584e+01
2.196281773456225395e+01 6.470880856976353179e+00 4.327068734285981488e-01 4.364939146786388571e-03 2.763635217011942494e-02 3.093046109461176307e+00 6.637492347574962537e-01 8.339478819724122083e-01 6.595650520033069597e+01
2.434610981981989752e+01 5.186230855769716541e+00 -3.816332976413450151e-01 1.699751302052640491e-03 2.722160318761293607e-02 3.369657013440001680e+00 6.694812757588612939e-01 6.644335953888379498e-01 5.457746185265333594e+01
2.286210478397809354e+01 7.078448100446214752e+00 2.187439776848149608e-01 7.951445475194426904e-03 2.742576204828240174e-02 1.028883033751548215e+00 7.024279463405993518e-01 1.410235707999877297e+00 5.895195918079948427e+01
2.229365549943568325e+01 4.211112129049837449e+00 1.480250039360912762e-01 1.666295647329123393e-03 2.768698641776665484e-02 2.345467477194278505e+00 -1.816192132900782408e-01 2.528569858535582249e+00 5.257053208263747024e+01
2.171625802785643344e+01 5.498955301777943561e+00 1.048130645850759157e-01 6.030959375195606804e-04 2.724306968595753206e-02 2.726809537550281437e+00 3.309726166358908372e-01 1.496129400063496373e+00 4.983559517872370748e+01
2.228205681919914483e+01 7.239264063414526440e+00 -4.338613035612907121e-01 2.887056051649212508e-03 2.758544310372747221e-02 4.878188073857769425e+00 -2.079163465478996997e-01 1.984558489076792887e+00 5.453326177286360377e+01
2.154110295135341246e+01 8.881283256134306470e+00 3.039825316895303775e-01 5.217191559715898125e-03 2.759179387191734029e-02 2.761646339628548663e+00 -9.795656101873682076e-01 1.200606961713647447e+00 5.566741585717099383e+01
2.321171062975226462e+01 5.765021954891313527e+00 3.511307956479037262e-01 2.221798186738341892e-03 2.762064211733263053e-02 1.966736933052638303e+00 4.311449784454075562e-01 2.967458597891709626e+00 6.455752230798431412e+01
2.319114776448104820e+01 7.934171246547396805e+00 4.286168197520907885e-02 5.897364538626053906e-03 2.726873763827141264e-02 3.600060988099213155e+00 3.053526452184012197e-01 8.995595382069235812e-01 6.092111136283752870e+01
2.144466612645433301e+01 5.946182035052515857e+00 9.460476347199447966e-02 4.930678219169598239e-03 2.749188488039525091e-02 4.128880225331803544e+00 7.273610866403248387e-01 1.722213157650107629e+00 5.095506400347634468e+01
2.251892010546122691e+01 9.352421931646951236e+00 7.544946891408388367e-02 6.464631097029192169e-03 2.740945337053166120e-02 1.739407686107683482e+00 -1.249920049327328808e-01 1.875935231049618235e+00 5.318507424587979671e+01
2.270943611408367957e+01 7.614861462938259606e+00 1.431418148248299327e-01 6.990612436783222652e-03 2.764885496113239638e-02 3.142741276858763921e+00 -1.097000235372096455e-01 2.365535587693469388e+00 5.504685408947513992e+01
2.166731195554043765e+01 2.272587963322989069e+00 -3.094847691931282285e-01 7.001339105851378530e-03 2.721038832652619699e-02 5.012055623452888575e+00 2.999379397804984304e-01 1.741893748236668538e+00 4.806050513445234884e+01
2.209630430897775355e+01 8.470029632870673453e+00 3.358073343683674050e-01 5.381208464204494460e-03 2.744593475124171636e-02 3.597983116000594173e+00 1.801198212142971489e-01 1.157106265990766936e+00 6.325721534426942583e+01
2.215706250736429084e+01 5.898946755399510522e+00 1.393187551589266104e-01 1.893190940685000054e-03 2.751095855131513446e-02 4.511640903608253872e+00 -2.846579625557270621e-01 1.118854607134625478e+00 5.748313771739458389e+01
2.323594985887274689e+01 5.512641878168892617e+00 -2.074881841664396043e-01 8.187036469213548190e-03 2.778773451428961927e-02 4.873287511553719753e+00 4.851237241715762316e-01 2.191248302221680821e-02 5.578915367650251511e+01
2.361553387485034250e+01 6.771331478007925675e+00 -1.906699825244567437e-01 3.182372455596759256e-03 2.781641349775940825e-02 6.682863623821064802e-01 -4.536784757898484344e-01 1.154499225178879929e+00 7.038371474665584060e+01
2.163552245327552015e+01 3.953272881337492883e+00 -3.877742607260049601e-01 4.068106246671531444e-03 2.715102912350004713e-02 4.239755883747917231e+00 -6.656551527356651121e-01 2.620186587236063236e+00 6.277045506247981876e+01
2.092560549051703234e+01 4.393271853354621115e+00 6.936409578399976850e-01 2.606040388753956983e-03 2.761048053204726710e-02 4.646107943657628248e+00 1.005327378995411802e+00 9.418702741915090382e-01 5.361558631944483722e+01
2.124453879927747124e+01 3.656862405683486195e+00 4.712822188649561372e-01 8.066262669227906856e-03 2.728735075320624925e-02 3.453334216819529345e+00 9.164328644987298489e-01 1.477682293708315830e+00 5.211419727781633071e+01
2.206609087549453818e+01 3.785392180624167935e+00 -6.456721863539539585e-01 6.452718979337516980e-03 2.745466895247995753e-02 3.369065014346072751e+00 5.758556933821745716e-02 1.584206724018388579e+00 5.245707557462668547e+01
2.180932041670231669e+01 6.036335824081962897e+00 -3.710962983461296716e-02 7.815087516348507429e-03 2.746770468274190025e-02 4.375961087780180669e+00 -3.449368812419482122e-01 7.878448463516961597e-01 5.426911838539241018e+01
2.118469435942196455e+01 3.197292734664524794e+00 4.883653389558735292e-01 8.505123012443610228e-03 2.749306223820030537e-02 1.505818557252017298e+00 -1.384042058906980843e+00 2.910958698508577136e+00 5.424248722933960210e+01
2.320795626831223046e+01 5.729047354179575890e+00 -2.404879909467319554e-01 7.142848498901641606e-03 2.758185001675843295e-02 5.791686235980753494e+00 3.136823542383071484e-02 2.676157754692242374e+00 5.348179766005137736e+01
2.327753692199730295e+01 4.994710993248449249e+00 2.714861735055230096e-01 4.316704476062824779e-03 2.728195888503984201e-02 2.680169080588041819e+00 2.062077544672742402e-01 4.215397123697262605e-01 6.119598464726605158e+01
2.384464432997492978e+01 7.080801410791421446e+00 3.828638470381234282e-01 8.096996890403688682e-03 2.763633832682643732e-02 4.152326548945461937e+00 -4.774483241413416401e-01 1.972760817116560039e+00 5.120122697337320261e+01
2.130384000927848120e+01 3.726008536251278702e+00 -1.953567331428283371e-01 1.845755148109939599e-03 2.762412097791346402e-02 5.102406337680854165e+00 1.768403568547680660e-01 2.198227195643518872e+00 5.673283885605686550e+01
2.126035837129153450e+01 7.070367001739393586e+00 3.849850911232881590e-01 4.958462710369958455e-03 2.747114108345295388e-02 2.530107714376393258e+00 1.749623435396636673e-01 1.899892787717057496e+00 5.415539781936880814e+01
2.111545137369293812e+01 6.476802368729481785e+00 -2.820918501618233099e-01 4.184808425142556507e-03 2.749568090044686094e-02 3.877886198275345198e+00 4.893826590798875387e-01 1.519755008832830212e+00 4.855716062783862697e+01
2.284224277448144846e+01 7.439882967495559107e+00 -2.022961140626238496e-01 7.511170661870946244e-03 2.724897161035492663e-02 3.786664886876924818e+00 -1.320479258028743885e-01 1.716825777518488305e+00 5.498792733968817004e+01
2.217044614716030893e+01 5.285708419625430921e+00 9.825810534811964259e-02 4.938287717493621345e-03 2.770131442852466486e-02 1.622712752922815804e+00 6.976384803763830966e-01 1.374244516546384354e+00 4.445236416559093584e+01
2.338525647258580875e+01 7.059096266858476021e+00 1.758249327877826895e-02 4.399021842920198405e-03 2.711732357140020366e-02 4.199684060972541211e+00 3.107433232498255649e-01 1.041505384620035890e-01 6.205645086206103400e+01
2.278419412528459276e+01 7.108361500834162072e+00 4.622605918944095449e-01 4.402379388040363398e-03 2.704614025005482036e-02 1.750081105978079865e+00 3.065224962316079882e-01 1.760544103754526413e+00 6.671709528277158086e+01
2.384476276502333292e+01 6.527758318386168490e+00 -1.393892568365361628e-01 5.066033499302559535e-03 2.754690635780142338e-02 1.239825808116213235e+00 -1.133923085189039837e+00 9.682229069449846959e-01 6.245984336848614049e+01
2.196202246442752326e+01 6.557261714955548548e+00 2.682446709936254781e-01 8.323612652544920207e-03 2.752775046020803154e-02 5.709020418825349275e+00 5.640611675966229477e-01 1.007549980465995088e+00 6.638500034337413069e+01
2.380642584751131352e+01 4.751039786456398240e+00 2.133545772906424720e-01 7.829182922329636779e-03 2.778695146236721814e-02 3.007291406932468991e+00 8.771510759035674454e-01 2.449550978957980796e+00 6.377666421021197607e+01
2.166461944340598933e+01 3.754436026274480920e+00 -2.961810173707412064e-01 5.224300268389712662e-03 2.733986974909659307e-02 4.523798899243774763e+00 -9.574668876008695095e-01 2.217025223437408599e+00 7.019421283294597913e+01
2.266501506213805328e+01 6.335587832774772110e+00 -3.188199381836008262e-01 6.132011249459530869e-03 2.742462868577657739e-02 2.867195324258934530e+00 -2.371928359129471531e-03 2.283171417375850609e+00 4.758247298084435783e+01
2.166626918864354323e+01 3.395247350789834417e+00 -4.490603680970987055e-01 6.365606917851693303e-03 2.758854118236563069e-02 3.393057722315487190e+00 1.194465756152680580e-01 1.980364705232894540e+00 5.566340465199382237e+01
2.375355163337922093e+01 5.363827303641488520e+00 -7.404199577358690221e-02 6.598186124498611749e-03 2.753681358380332886e-02 3.723218011765296431e+00 8.328263799826935987e-01 2.407308732435731180e+00 5.973984532959870819e+01
2.063424134277122590e+01 3.949909055669513336e+00 2.939756760589191664e-01 5.901373431740897062e-03 2.760335645603077120e-02 1.410444977381310583e+00 -1.291063953986472557e+00 2.604449662007342070e+00 5.890750129459811291e+01
2.227560161713717335e+01 6.939261927651399375e+00 -1.928071077330647254e-01 3.005454961798104986e-03 2.767745469701467578e-02 3.520497463631318436e+00 2.469409525181462950e-01 1.275621073504104697e+00 6.388540733957749040e+01
2.129644535311460984e+01 4.595900708070700169e+00 -1.756014968658935194e-01 7.725674928884064367e-03 2.773867978901401604e-02 1.409605846154904141e+00 2.646941188608391560e-01 1.751095259956744643e+00 5.463671593579744723e+01
2.085999446923360878e+01 8.154558408617337051e+00 -4.000096490896703494e-01 6.047630058607067136e-03 2.752690824564682157e-02 3.583305586038690205e+00 4.914169671228365566e-01 6.371928599237829394e-01 5.489595729520817713e+01
2.392278829226552617e+01 7.215523301969913206e+00 -9.960444540132109559e-01 2.550397330837565930e-03 2.765537666243711792e-02 4.595106664371871652e+00 -8.600932487066483834e-01 3.125057204107024145e+00 5.190825942633120604e+01
2.457921019998169143e+01 7.093918363661619431e+00 5.764690934022805718e-02 1.158247807210613508e-03 2.766503416653714673e-02 4.005797651639746881e+00 -7.807035807123897664e-01 1.901518407445502268e+00 4.857447084066627951e+01
2.169125623163478522e+01 2.908424243907267392e+00 -3.235157746327287087e-02 2.064719613663691059e-03 2.752487324105128488e-02 4.613625215614185926e+00 -1.683021676597733496e-01 2.433816513960391337e+00 4.988661055949282286e+01
2.327975802057876820e+01 3.557202041027163641e+00 5.209189618428199386e-01 5.747784551630662729e-03 2.745783957650218404e-02 2.101168441531511721e+00 -5.002027077598376614e-01 1.748572432850903136e+00 5.303424590458547527e+01
2.260159264274550850e+01 7.716845556913469295e+00 -2.963948866760269807e-01 8.946406634352628215e-03 2.779940681206671815e-02 4.880465877146294318e+00 5.588205392475220634e-01 1.054871269438634629e+00 5.842030451032290017e+01
2.354475993926477528e+01 8.860397636818188261e+00 -2.655399492886469093e-02 3.003846142835278447e-03 2.754399034821257419e-02 2.110240054375756014e+00 -4.273541756921117596e-01 5.365998857051467175e-01 5.609220392398258070e+01
2.127783903637924467e+01 2.561681789363517314e+00 -1.313191379908491274e-01 2.308808400145839941e-03 2.763411625854431120e-02 1.169481587043462723e+00 -9.174668521606732519e-02 1.024025523170054797e+00 4.930477172012756171e+01
2.289967945215854783e+01 3.615710254597512385e+00 -1.080556274774884806e-01 4.088102276680423072e-03 2.750162758685182826e-02 4.355720344964131741e+00 3.688770032714343561e-01 2.274012630725662731e+00 5.293964250130991189e+01
2.146256733163171049e+01 3.240643383615820383e+00 2.948554836201336404e-01 4.288022856899258856e-03 2.769046537160347807e-02 1.268193054557450239e+00 -8.068308908342305408e-01 2.077720088696390910e+00 4.817020145914344909e+01
2.239260585246001156e+01 7.469244702409612913e+00 1.298550008663656441e-01 4.956744963620828004e-03 2.769925133223300959e-02 3.835238231709073187e+00 -1.551256475791418232e-02 1.933028359246051320e+00 5.329661003481681547e+01
2.242933340952369292e+01 4.758202610982227299e+00 -3.335083922767722586e-01 7.788476895454000785e-03 2.728433622321591728e-02 2.182021383787876800e+00 -7.345275200631431467e-01 2.433184975196799549e+00 6.298739301696178217e+01
2.334888348650533274e+01 3.717383570450538244e+00 -3.405995711194478859e-01 3.549246703699198563e-03 2.739245215663651048e-02 2.695274764458051475e+00 4.750722868617969219e-01 5.704824693133686564e-01 5.952249809819790727e+01
2.369547030798423748e+01 3.852108885551268180e+00 -1.393100248079889303e-01 5.620967952361399962e-03 2.761207251090335921e-02 1.955336833295906462e+00 -1.122462924777445581e+00 1.212054688974957495e+00 6.018096034612893419e+01
2.220460983334291072e+01 3.562532322743757085e+00 -1.629229613263478982e-01 2.968466185945936500e-03 2.730700641480527172e-02 3.977528359891377985e+00 -2.416266751870281837e-01 1.170571543436207396e+00 4.642278490771008137e+01
2.214966543306877966e+01 8.600439936248886141e+00 -4.646182093512955802e-02 8.745670625860992031e-03 2.747259282834944166e-02 3.112743784613316134e+00 -1.409077699959391250e-01 1.497897224077430645e+00 5.643276928423973970e+01
2.135691526792660966e+01 4.766147472844323829e+00 -8.836066257214576086e-03 8.079737253120914450e-04 2.754932745486118537e-02 2.094855415092369277e+00 6.277616690759151297e-01 1.576314741617155901e+00 7.140788890429348612e+01
2.051693172200693382e+01 7.554034261763802327e+00 6.987323579030729759e-02 6.111765386527154807e-03 2.780110926706155783e-02 3.926675104576047293e+00 9.573975774313137066e-02 1.984555645406936630e+00 5.446004761941082961e+01
2.106887839210420665e+01 4.563440621264041930e+00 -7.105128593540661619e-01 5.490433962822009045e-03 2.764466187835892819e-02 5.137360955649949545e+00 1.109902190066093031e+00 1.294686330556415577e+00 6.040155227511368707e+01
2.092771295396309839e+01 8.588792678866491670e+00 -3.209616641642948354e-01 9.387110202773715079e-03 2.728456680359234512e-02 2.229490727664364513e+00 4.068460250855332472e-01 1.805666175236692483e+00 4.757248651923620741e+01
2.260867423152605227e+01 6.364547776660053557e+00 -2.281213722965550750e-01 8.053356623212583332e-03 2.752852269197027246e-02 3.791270105339621832e+00 -1.579123433434617141e-01 6.747841846026148005e-01 5.731905642789956090e+01
2.181569376738310595e+01 5.026494851782391748e+00 1.526210768029258591e-01 4.356780767100799749e-03 2.735583037615299529e-02 2.009973068247777661e+00 -1.173685145038635413e+00 1.320386132054305550e+00 5.371346834001108306e+01
2.136594286341883375e+01 5.351600335612918258e+00 2.829241856309294145e-01 8.420918817021486383e-03 2.724597715623645194e-02 1.568060225181186818e+00 -7.534012422478841842e-02 9.446311096369991445e-01 6.302431837702464890e+01
2.233989698371440369e+01 4.570891127172784785e+00 -2.118260764711115129e-01 7.401642507054511169e-03 2.777846409596270924e-02 2.726084097329252387e+00 -3.437540652380326467e-01 1.552508600654432858e+00 5.601966666566576691e+01
2.132982312303845873e+01 5.948243134421962175e+00 2.095614025575887399e-02 6.037430652283076824e-04 2.771563726393265481e-02 4.173767782965338569e+00 -5.315880652387043881e-01 1.926866435901550378e+00 6.552368351111897482e+01
2.402450939232430471e+01 2.972614153131786452e+00 -5.745943853478455710e-01 8.916145939925273350e-03 2.716665191734205648e-02 3.298975887598584844e+00 1.077553676565118579e+00 2.030951268217174199e+00 6.992079738684469703e+01
2.169237507072478621e+01 6.754289972942792097e+00 -7.137902626191668931e-01 2.938957130711222082e-03 2.732433224986822312e-02 3.484450063298211386e+00 -8.235466919041626310e-01 2.182811469521909409e+00 5.272118322950321812e+01
2.217395569003927491e+01 4.371556327040376999e+00 -2.453711314025129320e-01 3.493737001749762025e-03 2.729183643536492454e-02 2.033664906066768197e+00 5.220385490179788590e-01 1.102931353220133470e+00 5.692799821605334643e+01
2.404487135723251257e+01 6.880032881577410109e+00 2.177839841756964434e-01 2.410922308101543215e-03 2.748539415614833364e-02 3.104542324842576750e+00 -2.205146046439814267e-01 1.322927333930252747e+00 7.304131899831830310e+01
2.249026744019182189e+01 6.153623576142614127e+00 1.421299746701985278e-01 6.395381030681687555e-03 2.745196856030594421e-02 5.114092079630635723e+00 -3.309815398097439854e-01 1.685144880364335185e+00 5.519559161374218803e+01
2.092958257385429377e+01 6.106972171012102102e+00 2.990375898020916634e-01 4.465662310284909328e-03 2.750561723336562500e-02 3.743578067805451326e+00 -9.651894326374166333e-01 2.157602469284652269e+00 5.016973508079199462e+01
2.068844244844343550e+01 5.295413606519363547e+00 -1.944857915329807618e-01 1.590425416956025174e-03 2.747586045754931566e-02 2.521649708787432331e+00 -6.589685482770121228e-01 1.018734468898115031e+00 5.418832860636597815e+01
2.279278156516885900e+01 3.883023264671306762e+00 4.500197211958404386e-01 2.121990085472813103e-03 2.758617502091932974e-02 2.358297061581427823e+00 3.188586640730304289e-01 1.322478051159327483e+00 6.314399119395078941e+01
2.291023769434575641e+01 5.567903251697789102e+00 2.702404032119287702e-01 2.532437922510403800e-03 2.756096993342124421e-02 4.636788817604609036e+00 9.023363643858854921e-01 5.936257402054128107e-01 5.148543965970746683e+01
2.290286914492774528e+01 6.592223990261141253e+00 -5.726447695441170271e-01 6.525792295981944560e-03 2.763305602402886529e-02 5.108380256785719276e+00 6.799078674208112183e-01 9.334652427567737831e-01 5.498468916971682319e+01
2.112414928909722178e+01 5.876018273044762985e+00 5.409589053794355840e-01 5.800606161457589303e-03 2.770140910971310988e-02 1.590355310729811400e+00 2.469837636589873320e-01 1.499794869436905653e+00 5.592548679001308898e+01
2.317182450260019166e+01 6.159747821120515887e+00 -3.331463267906604186e-01 5.204713949571788956e-03 2.741212315110603051e-02 3.353338914232111279e+00 8.781442115191744335e-01 3.094291652874901821e+00 5.560102582943405736e+01
2.124232930264706454e+01 7.878055377835948114e+00 1.015600729746377190e-01 5.774220678443084745e-03 2.737420633881120641e-02 5.082976945298097071e+00 5.596494683187369645e-01 2.321695778948591915e+00 5.748310044982685696e+01
2.342442536841114276e+01 3.909618609653574328e+00 -1.260333880681580865e-01 4.061865692697663667e-04 2.766112874953128090e-02 3.372880374897918365e+00 6.050767399499767940e-01 1.569837373389558977e+00 6.461311508413093918e+01
2.168170900935041345e+01 4.713913311563181274e+00 1.374545533329266933e-01 1.447120885832265487e-03 2.719756262549290898e-02 3.306631648658387768e+00 -3.452079132945409246e-01 1.660400792219188792e+00 5.575719516038486034e+01
2.215739545798811605e+01 5.333967171808526864e+00 -1.226002264455912649e-01 3.379407933467162145e-03 2.752770893545290407e-02 3.087673408647028328e+00 3.253161282724743586e-01 1.614173169875645186e+00 6.003039324656796794e+01
2.171511687097815368e+01 6.115501161944233210e+00 -1.297180860202379049e-01 7.821336081427590278e-03 2.743954067868124846e-02 2.673652736920582029e+00 6.462908217148912726e-01 1.890718066774760731e+00 6.264334976202216154e+01
2.227568577331660649e+01 1.564226934520709600e+00 -3.202273521684248503e-01 4.953060335786341889e-03 2.732537065501141130e-02 5.587574153438251479e+00 7.896015211457574345e-02 1.275654842402788480e+00 4.989893977604560149e+01
2.297166046131181361e+01 4.144259256876361874e+00 -1.196756849423955132e-01 6.110645931867690270e-03 2.735831453776182282e-02 3.023457438626381943e+00 4.509814011235619979e-01 7.669723161523186450e-01 5.460541796861684105e+01
2.271029467935612445e+01 7.123582567868467663e+00 5.135763795196387482e-01 6.660998570523506482e-03 2.750308843414678295e-02 3.284435992208005306e+00 1.715854230767621669e-01 2.851487085021419121e-01 6.020669418556434493e+01
2.195393863053032746e+01 5.693243506757672101e+00 -1.908293885843631230e-02 3.377008820554999735e-03 2.747187402768952458e-02 3.250575575913130955e+00 1.716678436464122992e-01 1.027062849241053150e-01 5.052770203813471284e+01
2.216917405304321420e+01 4.895680075881669424e+00 -1.678663982565593848e-01 7.500881403845059865e-03 2.752560221702115770e-02 3.133382418865006347e+00 2.543098841553477207e-01 9.859013281694830599e-01 5.326058445107268113e+01
2.285331919438098680e+01 6.052491283678863354e+00 1.971121552214522010e-01 5.438180298625497735e-04 2.736171855308865489e-02 3.359178993128047797e+00 6.238214316658607927e-01 1.332418684699609557e+00 5.218391876038365496e+01
2.244583682849129502e+01 5.032734996534386163e+00 -2.759793667940902417e-01 2.871460141142933870e-03 2.706774331470255743e-02 4.110916973651955075e+00 -1.419987150085351146e-01 1.095933313468232084e+00 5.613993904364406262e+01
2.178224668684582710e+01 8.353943086040548138e+00 1.135184147891251383e-01 7.928561519047952824e-03 2.777434111328625638e-02 3.567564898272440832e+00 7.986494905151237944e-01 2.041654074938706653e+00 5.686841836067732459e+01
2.336940591013899038e+01 5.745086619620580315e+00 -9.698450702377613142e-02 8.524878644603184688e-03 2.756661689423417494e-02 4.727333661749051785e+00 4.151006947752837739e-01 1.709884557742800570e+00 5.160295125691993690e+01
2.368908165875378202e+01 3.215920171175197684e+00 -4.583827574077355416e-01 3.588800139250850063e-03 2.749841069636236104e-02 3.838807396875920652e+00 -9.970554127505047992e-01 1.899926696815349203e+00 5.060357006995342033e+01
2.215120236125272513e+01 5.162022845106901237e+00 -4.107108838268099249e-01 8.526593121076633808e-03 2.735204330636580028e-02 2.267476788351076245e+00 3.489562858387127431e-01 9.643744944343555225e-01 5.800648421133684707e+01
2.307607803308757610e+01 5.626578597680903293e+00 3.260125731484480038e-01 4.722850429197255652e-03 2.765592529375312039e-02 3.643024927990299755e+00 5.644973754423912027e-01 2.043621940438921758e+00 5.500977011892281610e+01
2.193615323111402660e+01 9.510588462724337333e+00 4.613830076190712781e-02 1.754086825879457674e-03 2.750718938715951412e-02 1.986630265428039666e+00 3.281882751038522894e-01 1.130322467647756790e+00 5.512897448160222069e+01
2.423737580416399950e+01 7.215805843491380323e+00 2.507213708156234566e-01 9.672094991053412083e-03 2.762584817731350562e-02 4.639184114473500209e+00 -1.052417420564375483e-01 1.698617984445031981e+00 5.767158531368527719e+01
2.191946785468037007e+01 7.877967940720361106e+00 2.617964476202811960e-03 2.656492381458660113e-03 2.781786713520684531e-02 2.479952347339104524e+00 -2.460662369039197106e-01 1.348610349442485923e+00 5.869870884577638748e+01
2.282911745260269498e+01 7.434422450397883075e+00 2.206043508731045655e-01 3.854716733273949158e-03 2.764635062388032596e-02 1.899171251339424771e+00 -3.093581943771197551e-01 2.187223108679086092e+00 5.981559873225143065e+01
2.219305384001637194e+01 5.068557851326868757e+00 3.213124609494470985e-01 4.092084728956153425e-03 2.765590558572041113e-02 4.446626164758568756e+00 -8.881841965470371747e-02 2.111144368126383064e+00 6.346198274141044493e+01
2.467034104666769423e+01 3.803932579627360422e+00 2.397642710162953550e-01 6.117852805817007751e-03 2.709781647051938414e-02 2.978226317147911750e+00 3.634504913930409753e-01 1.181657800336191722e+00 5.635014998784752294e+01
2.347041812406676442e+01 7.120858738855460501e+00 1.592558889374613360e-02 3.501603189912630594e-03 2.733184361780676905e-02 1.319865620367778103e+00 -2.307224435209365154e-03 3.023703458970517510e-01 6.377843272847456291e+01
2.199978992992222260e+01 1.519749477424509720e+00 -2.296278859010164319e-01 1.502580380801819002e-03 2.770301829138287208e-02 5.845017749656087780e+00 -9.871253060034148596e-01 2.124950223009105521e+00 5.868637084626717382e+01
2.158705024049485388e+01 6.076996048024038366e+00 -3.049932311474655156e-01 6.244440727434994592e-03 2.753964689971455382e-02 2.660649118604709429e+00 -2.657458865633126610e-01 1.463418805721898863e+00 4.765747611816245666e+01
2.343916375125552065e+01 9.470899946059635255e+00 -2.474841829300481189e-01 3.214351464340881124e-03 2.704146744815554004e-02 3.539978977136303051e+00 -8.733473560074813680e-01 1.074838137064256127e+00 5.477430271791469352e+01
2.228615428487142935e+01 4.859866234878299274e+00 -4.418292780081311544e-01 4.961922215114577747e-03 2.744826620799736133e-02 2.767791090425671285e+00 -7.316721587999257537e-01 2.279161196958154001e+00 5.609735877228247602e+01
2.267658601236051297e+01 6.797870460118240032e+00 -3.535833928330643205e-03 4.137600789820990686e-03 2.740760905832651320e-02 2.038425780576020419e+00 -1.050932567126363626e+00 2.345947223610030719e+00 5.501968077870090212e+01
2.322603014808876409e+01 9.126388501592920477e+00 -3.291592241458657364e-01 4.313086473654859955e-03 2.751965446735444437e-02 1.241056538633943607e+00 -1.734268929763556066e-01 2.492735555438127193e+00 5.439394497390906480e+01
2.195898758416229057e+01 6.402361747204452058e+00 -5.979797642466800900e-01 7.587584327250033144e-03 2.711756206472578160e-02 2.454144527418789412e+00 -6.217629731056025788e-01 8.803256529464839053e-01 4.977479800721400949e+01
2.250752438826403079e+01 3.119460106894904605e+00 -1.500137917049866876e-01 7.014633697597653407e-03 2.774051074687099161e-02 2.620703423834543688e+00 -4.839824387855853338e-01 1.327292358791922311e+00 5.470475509811830506e+01
2.148198708507213439e+01 5.896115553123496333e+00 2.997388498658685174e-01 2.714038662891475433e-03 2.724581631024693140e-02 2.043980126950143639e+00 2.025251459069628002e-01 1.669152119844075743e+00 5.782568251822593197e+01
2.231856149014527091e+01 5.740346543293452619e+00 2.638745514112424417e-01 5.019543757963549138e-03 2.760335900668687767e-02 3.552815174230132378e+00 8.510274914872217877e-02 3.374934803455256205e-01 5.133458427809742375e+01
2.438316503320728401e+01 9.051043215192709823e+00 -3.218355702302996835e-01 5.305867172605814759e-03 2.734443396476101892e-02 3.078189493680676403e+00 4.309658616246943019e-01 1.254886342219988737e+00 5.165405322655396958e+01
2.324161012459951792e+01 6.643055524038561366e+00 -8.630253371999638268e-02 3.225240329057681588e-03 2.766772377728661872e-02 4.764571156774293215e+00 -6.311759727162582490e-01 2.206790991008463543e+00 6.441739890730764273e+01
2.106582543664336526e+01 9.226845994487829827e+00 2.025707389332085939e-01 1.029549748073455223e-03 2.761809828520553692e-02 6.075650327544358520e-01 9.625806553440785507e-02 2.138454682573931454e+00 4.405038562566254967e+01
2.264125084368896168e+01 5.754205740586664675e+00 -1.741048582112997567e-01 7.033132843841376214e-03 2.752774648625437234e-02 4.609624677828552564e+00 -7.305729271445761119e-01 1.739391266851459283e+00 5.120433720843575287e+01
2.362352823817033709e+01 6.268894878512000446e+00 -1.687058713278176414e-01 7.311204548914033118e-03 2.708492978410810895e-02 3.022300704512834280e+00 4.064260430697255178e-01 1.742164215367790758e+00 5.862551928496166909e+01
2.298411250262607197e+01 8.189914587719561823e+00 1.999447192413419255e-02 2.409846828553312108e-03 2.736528870106404512e-02 3.671220016826725718e+00 6.031795115703011412e-01 1.685061472192866283e+00 6.302679968653679765e+01
2.302473939665976133e+01 3.666721036190234262e+00 2.532379065537684881e-01 2.928129827664034332e-03 2.786245538337208880e-02 4.363848445075205085e+00 -2.843915473794795812e-01 2.114255873925828588e+00 6.965695946918930304e+01
2.351396171928525547e+01 5.625493084566778990e+00 -5.026674175990886867e-02 8.565799974643326792e-03 2.770517063037053473e-02 3.217694284749831990e+00 -2.584643037655649511e-01 1.111411626387375673e+00 5.096708613639624730e+01
2.434651390177828745e+01 8.886161739502799861e+00 1.790897154631687083e-01 5.993554091627485876e-03 2.724753825029052265e-02 4.198811853899788282e+00 5.084125502082694759e-01 1.968422637811709119e+00 6.686376833555002008e+01
2.308974209528050281e+01 7.527814470486237752e+00 2.796362480985777887e-01 5.188294515943479325e-03 2.748150001930755107e-02 3.938010822350605178e+00 4.034341998703279142e-01 1.533315982732440075e+00 5.388251443270236507e+01
2.320597545553363261e+01 3.962684012242104981e+00 -3.424524130889675666e-01 6.921890325583541614e-05 2.720131750593578895e-02 1.815454137536059998e+00 -3.535758289336943250e-03 8.277384163903594994e-01 7.018395366846871752e+01
2.176143984004792742e+01 4.728080394132851083e+00 -3.650755773717820896e-01 6.484197119011734199e-03 2.746736094303538211e-02 2.762169464736093705e+00 -7.012822555827979976e-01 1.673136917980479144e+00 5.823530931820870649e+01
2.287706397678928383e+01 5.216286833160522995e+00 3.864498337534231776e-01 7.991088643939830635e-03 2.757992267098334851e-02 2.556480926089443884e+00 7.109926043060612599e-01 1.653638937944805321e+00 6.396334011325283342e+01
2.271054747856069156e+01 1.596824562400090963e+00 -8.973349457044713096e-02 8.620368825067588033e-04 2.760747839716884769e-02 6.280057417821794941e-01 -4.771810074445432814e-01 2.111838555631461389e+00 5.629573867229272111e+01
2.235571325367348905e+01 6.254243409392103104e+00 3.499279720433400021e-02 4.072200979658062783e-03 2.760929201078788156e-02 4.833811280053738280e+00 6.906114158394407454e-01 5.332779382310280925e-01 6.059416349735620599e+01
2.414802098458371660e+01 7.199634787973280936e+00 1.527377101708995155e-01 7.319384154012341468e-04 2.728443337844098024e-02 2.984551196497817749e+00 8.602981521481360971e-01 8.889492068641702271e-01 4.559899215769027592e+01
2.225245433405592976e+01 2.298260875653409308e+00 -8.246575058692012794e-01 4.412444271570067390e-03 2.735136596659452218e-02 1.175594407130464258e+00 -8.429839791938530391e-01 2.188513832980844231e+00 5.693140397842108769e+01
2.345091549515598217e+01 8.351211818663378139e+00 2.000216418877839297e-01 2.515002939069348447e-03 2.745034684386572083e-02 1.674406093461176193e+00 -1.203559165100462014e+00 1.138848723135948315e+00 4.687459969445631458e+01
2.318554490529638201e+01 6.831838428785971473e+00 5.940887883474905706e-01 4.481914009101986562e-03 2.779978601092917417e-02 4.017036696525178918e+00 -2.649891822501027061e-01 2.020210210845846177e+00 4.027894119399783079e+01
2.393602253128436175e+01 5.201701540554364733e+00 1.618300118506866558e-01 8.495141696236219175e-03 2.794262205674889754e-02 4.005786016276809747e+00 -5.142160275368790057e-01 2.257796265298829930e+00 4.612251116518648786e+01
2.327061108412390666e+01 5.613658998229929864e+00 -1.232724332473234125e-01 6.477852746545978988e-04 2.739746831116455367e-02 3.555069819612998838e+00 -1.868911892286819754e-01 1.582769959505282431e+00 5.054870527964666849e+01
2.130887708282806869e+01 5.092369658747709416e+00 -1.205397425766393527e-01 2.722996165394487699e-03 2.751476405675285300e-02 2.339822638449440717e+00 -7.946248296988371873e-01 4.307403965647402244e-01 6.319964958007276579e+01
2.145858389224306251e+01 4.318746090343288380e+00 2.006776753241119038e-01 7.312227111011065928e-03 2.737746345774494036e-02 4.567659854055966306e+00 3.416120083926643680e-01 1.436377453008057969e+00 4.887477503104846477e+01
2.175578499209933625e+01 7.026520455698000767e+00 2.991334358436023022e-01 7.177043094108869273e-03 2.767808212394170728e-02 2.419978787078597815e+00 -3.292092499324954513e-01 1.022919729643250175e+00 5.428735167213303470e+01
2.200123620938847679e+01 3.241041375366626731e+00 4.910419380233531084e-01 4.737238746797837498e-03 2.769740778427683819e-02 4.204373325527072325e+00 6.150647554492358893e-01 1.750259438942588508e+00 4.432470522327243856e+01
2.281520629493542529e+01 6.025623660600966325e+00 2.034018399178472436e-01 6.163730959978874248e-03 2.770583146107265596e-02 4.899126882152557982e+00 9.511123639777641081e-01 6.045794515363572819e-01 7.078315274317712635e+01
2.330922103337857010e+01 4.772670716343633046e+00 1.432223151254471694e-01 4.080225145097060059e-03 2.737854984632198674e-02 3.578318943222064785e+00 4.934333402868276153e-01 1.202942609377727345e+00 6.173283439676311701e+01
2.418555881823581899e+01 8.656235767151393645e+00 2.095627121805548332e-01 7.022748278157190521e-03 2.757179018925942290e-02 5.517677749696900058e+00 -8.585716187159889712e-01 1.909531047178305130e+00 7.142459093260403336e+01
2.081673513982439516e+01 6.786511728390919096e+00 2.094958717995203112e-01 5.022837809650431383e-03 2.749153816936492772e-02 5.986651342675661347e+00 -2.139318257061961770e-01 1.553884973410650794e+00 5.612328721567714496e+01
2.181604859893617387e+01 5.866703437077896766e+00 3.871327273268628799e-01 5.318436533917257798e-03 2.755456275398174629e-02 4.254421074631683730e+00 7.050788263317104843e-01 1.488801996070191924e+00 5.558561398518526175e+01
2.330931835798313401e+01 3.286891582785823385e+00 -4.066668064811235217e-01 1.504397281424928482e-03 2.720673483634643633e-02 3.579794779091530099e+00 5.638333106000725792e-01 2.030216152311393962e+00 5.551787332583496948e+01
2.321345685798574365e+01 5.506222524391861661e+00 -3.351551155382189728e-01 1.287615043865854292e-03 2.727480466579893306e-02 3.484751847482478126e+00 1.626530378082857720e-01 2.755214735576188900e+00 5.716659731626464236e+01
2.160662633001398092e+01 6.452280469934878582e+00 -1.497221932582409598e-01 6.307217758538785114e-03 2.750825506658736291e-02 4.785795132072064639e+00 1.007803481014644120e-01 1.521631318429264912e+00 5.940120701282907589e+01
2.260631847042894194e+01 3.699764702348499412e+00 1.033072757306032069e-01 5.861572464613723152e-03 2.745684149510248598e-02 4.221134543330560263e+00 -2.896410328836074299e-01 2.202094258592790954e+00 5.073999446246693168e+01
2.364553705229214842e+01 4.175058212256664625e+00 1.516151429143363094e-01 6.515421858677239095e-03 2.732915642057762162e-02 2.283343059096869077e+00 8.108278964904043207e-01 2.148158417477866511e+00 5.591267104654315290e+01
2.182659913802980611e+01 5.468492707874064607e+00 2.149618798180378820e-01 1.237306200017794728e-03 2.737435172409502862e-02 4.255845275689472018e+00 -5.582123971276076180e-01 1.663207723385341064e+00 4.912640468343379752e+01
2.163732409950561575e+01 5.212444715561899145e+00 -3.295246593530663515e-01 9.573632169829496275e-03 2.756087183088511833e-02 5.338708187402031236e+00 1.281866542760104366e+00 2.759361536731702813e+00 7.843670623440762313e+01
2.243240213080516909e+01 6.330886710510732485e+00 -2.637221113093372593e-01 4.140944904215411448e-03 2.764553692953345895e-02 2.122812755327151635e+00 -7.742849590050893127e-02 1.953804723067993354e+00 5.698087187497807093e+01
2.268433721068250719e+01 8.537475414933693330e+00 -1.984505507575971273e-01 1.958444971449514304e-03 2.767117763768885130e-02 4.663905621156162695e+00 7.509134781792661251e-01 1.100849777015015185e+00 5.889272210347645853e+01
2.248132041739917142e+01 6.726670721424657273e+00 -2.002350859577953224e-01 5.222270369241454897e-04 2.773283658026285195e-02 1.097929286438093843e+00 -7.536791717309987426e-02 2.063505140267924087e+00 5.688483604140705552e+01
2.389325340109944307e+01 4.843455702335077717e+00 -2.514079195342077133e-01 8.002328506940971364e-03 2.793496392412724710e-02 4.369423701306780483e-01 -3.991941883051357554e-01 4.439386789204340903e-04 5.200890332444849662e+01
2.035356705654297116e+01 6.354283331510885979e+00 3.376399797748974585e-01 5.285657439804180083e-03 2.730033108010128037e-02 2.764066215907583945e+00 -2.302137292410506575e-01 1.648235194412466686e+00 6.202724378614790623e+01
2.300786263107111296e+01 6.190221083465091034e+00 -3.662453040471640442e-01 2.786315681862743931e-03 2.736693626448371414e-02 4.473018699456752678e+00 4.097886965688308791e-01 1.409803956973500805e+00 5.310463932919005003e+01
2.207842998892874320e+01 7.971162465966137312e+00 -4.766325491529294078e-01 7.508220079565950528e-03 2.751693238111889081e-02 3.462777294254559823e+00 -2.791752689869841930e-01 1.873703026564581764e+00 5.451397284289753742e+01
2.283211292422888405e+01 7.130622334627291004e+00 -3.143523817723573033e-01 7.917671331826494491e-03 2.749245712442114492e-02 8.384485341246091794e-01 -3.164134775496560970e-01 1.170910416484313155e+00 4.833426570524618171e+01
2.286268438600064101e+01 4.052774957379990717e+00 3.064191149656789737e-01 8.504349262431256870e-03 2.757934937138424927e-02 2.782774110901677478e+00 -1.141494281062725324e+00 1.227584423547967596e+00 5.744988627757683730e+01
2.273719366781161355e+01 4.199000918390391135e+00 2.514358138772391782e-01 1.471423334700788918e-03 2.758215181380467215e-02 2.512100035919010654e+00 1.885476039411564386e-01 2.359337196290070437e+00 5.735173648320099460e+01
2.144615090243153332e+01 2.961937943097045611e+00 3.853230485830094754e-01 4.435068149492361542e-03 2.743820667764371168e-02 3.096428653669016651e+00 3.839511939870199342e-03 1.201310850379488704e+00 5.376459056012001980e+01
2.465403035140333898e+01 4.418016607978631605e+00 -5.126940900734985318e-01 8.592791686723498176e-03 2.710608960200816889e-02 4.491817750983986279e+00 -2.873554739277552894e-01 2.343322045702311840e+00 6.209533760789294377e+01
2.113481785323986273e+01 4.672096951574412849e+00 -2.237596912830920604e-01 8.351803025395459698e-03 2.754290156651596766e-02 1.689375372140823117e+00 6.117765637326133543e-01 7.832745739100975824e-01 6.529180578706890969e+01
2.074923014132353316e+01 6.954940837935579268e+00 1.918438189081100587e-01 3.148933429756247977e-03 2.765973728342105420e-02 3.224432571586313134e+00 -3.783306108274924195e-01 3.663504064329936027e-01 4.949317869335126829e+01
2.126609575772520699e+01 4.421620067465477533e+00 -6.331413587211134897e-02 3.105083830885585396e-03 2.750531747928998058e-02 1.906555047316928597e+00 -1.175361066407019095e-01 1.635337777266555825e+00 5.124940136663793311e+01
2.393590907501631193e+01 7.330682358067983628e+00 4.287126105264543185e-01 7.936041696808542739e-03 2.772369532412920917e-02 4.373498357589414631e+00 -1.381152789595687658e-01 1.314510452416130848e+00 4.759559741466594573e+01
2.191441150737698962e+01 4.331707131869984018e+00 -3.012657810427838562e-02 2.155968646716131896e-03 2.726538449411905485e-02 4.718000347870603406e+00 4.506116770123771431e-01 1.338603276044504575e+00 5.421229074503629164e+01
2.106873720728529165e+01 8.862165903700692127e+00 -4.163514759961457062e-02 7.574725194995503286e-03 2.766439380279978391e-02 3.395116103048462897e+00 -5.448554139932630935e-01 2.160484612512159508e+00 6.203981048146803801e+01
2.342152684865881795e+01 6.765035917715536584e+00 1.160171913689148904e-01 2.298006775434456806e-05 2.760136313126519692e-02 3.773746972779215003e+00 5.188017462806109314e-01 2.098256764489657478e+00 5.733637603625842161e+01
2.222113384905510713e+01 6.534285261862926575e+00 -7.077059138641276226e-01 7.183832332341086313e-03 2.743875921632400738e-02 3.651013298844917099e+00 5.811528451567231635e-01 1.737304448318493399e+00 4.928907097113444280e+01
2.351389946694583344e+01 4.164107844140864323e+00 8.189718202185715390e-02 5.077103803003574570e-03 2.752939980000987732e-02 3.545483189112417666e+00 2.988457598252789449e-01 6.754252154475386405e-01 5.380530779116132578e+01
2.331885099410548889e+01 3.887989892135774284e+00 2.887113042862267109e-01 4.997053244299448291e-03 2.733752444497948228e-02 2.677684883869238863e+00 -1.543762896851432753e-01 1.210832700079621738e+00 5.405225174004988986e+01
2.133673565748022583e+01 5.294741340089332837e+00 2.895461004513938952e-01 7.840748871042465401e-03 2.741243894819371529e-02 2.896790809644598230e+00 -7.440525185093682659e-02 2.221217971176376871e+00 5.481727074497847951e+01
2.250250654582377763e+01 8.299606068797722003e+00 2.082694101545894128e-01 6.512722106946215207e-03 2.759209723795750038e-02 2.590483822155796201e+00 1.062666771624395157e+00 7.874741307020529657e-01 5.488688949025073072e+01
2.311454393023245046e+01 6.105106650517338807e+00 3.348136500302130725e-01 6.032367739393295139e-03 2.747916679484364161e-02 3.204624182272725275e+00 3.363776123215331815e-01 1.904241896967203251e+00 5.715012702712830617e+01
2.237580480556074392e+01 7.016611673603941668e+00 3.793094195276100478e-01 2.111910021504673305e-03 2.741978183197311611e-02 3.554228941560003907e+00 4.638741773313794781e-01 7.288375849536518070e-01 6.186005024195196000e+01
2.304830236713833358e+01 7.508261065321374161e+00 6.925600120153551087e-01 6.126672879235541685e-03 2.779716470516718080e-02 2.579877143182375043e+00 6.493166004494659305e-01 1.902104848314759122e+00 6.594081744353310626e+01
2.408426344568071542e+01 2.404639709507265355e+00 1.265764098183627118e-01 9.876353212307901336e-03 2.751637330957792255e-02 4.964629015480719332e+00 -7.034206669278026958e-01 2.539000735649671547e+00 4.982904091034003358e+01
2.251433053738667667e+01 4.215858134424877335e+00 3.444261495732508505e-01 7.532410119757298496e-03 2.725401826777421391e-02 3.646050707507738853e+00 1.760477277804004537e-01 1.280278501519739764e+00 5.442181982461423928e+01
2.250182255106651041e+01 5.244280466687261999e+00 1.651132975902353528e-01 9.299813741613899287e-03 2.760375520151638409e-02 9.209828501456359673e-01 -4.781727210598378797e-01 1.592295437926707358e+00 5.121919567575115195e+01
2.213075946334478061e+01 5.364397404843415984e+00 9.001886518242627200e-02 4.381100388749856710e-03 2.718154052501235360e-02 2.061989891595988666e+00 -5.759291167060811567e-01 3.354706372343874143e-02 6.105485501995621433e+01
2.096422357624723887e+01 5.052457499534066976e+00 -7.108210196192730201e-01 9.831274887187281195e-03 2.721390439315986287e-02 2.890443300582777209e+00 -1.098340006489366694e-01 2.134213193489538973e+00 5.707651649062103161e+01
2.257904865385074089e+01 6.804579316898751173e+00 -1.376195979815575954e-01 5.075117983844931388e-03 2.760329109523923519e-02 2.091005333409564404e+00 2.161613531061474802e-01 1.613915901586221224e+00 5.738213993815853797e+01
2.255214741680127233e+01 6.119827330202356919e+00 1.698052554143153481e-01 5.420456419091401919e-03 2.765449780899918719e-02 3.615768394986448087e+00 -5.430115493690679251e-01 1.545781758502767778e+00 4.955375481249506464e+01
2.367156844594894949e+01 2.191931017227668477e+00 4.175227400900408115e-01 3.266289929650570412e-03 2.739807188321007753e-02 3.198006811482804856e+00 1.014081655552972805e+00 1.256480885472099684e+00 4.802591524850864602e+01
2.213893135252130762e+01 3.877450144649896568e+00 3.850257110634883739e-01 8.736302441349090564e-03 2.749496030899252139e-02 3.428587585894941725e+00 1.290096069096381193e+00 1.435064991419353175e+00 6.509657326141311273e+01
2.214938176181248863e+01 2.001510616377900398e+00 -2.628862233057796538e-01 3.308631110046105286e-03 2.785146455686398487e-02 4.992966923508378452e-01 6.624785496900820192e-03 1.728025768628163483e+00 5.675372385366278394e+01
2.139142163718072709e+01 6.045507447971830928e+00 -5.119414774091385345e-01 4.952975755508620161e-03 2.746273105041402776e-02 2.197938894944986288e+00 -4.327291419495493674e-01 1.708262946238422453e+00 5.747369430383594846e+01
2.227928274860330404e+01 4.907100104551290087e+00 2.334647294419077701e-01 4.249206314349190938e-03 2.744801953725106020e-02 3.413553736384523862e+00 1.745420289888388599e-01 1.541185399404743306e+00 4.812128510946035220e+01
2.163648610751769397e+01 4.288455843513198751e+00 -9.541821147223822353e-02 8.688024445185692918e-03 2.740959684752184572e-02 4.885719595235875623e+00 7.649830220700977179e-01 2.787001851740246838e+00 5.626027895743354890e+01
2.215764478075414345e+01 8.110978137138966204e+00 -2.279248049757231220e-01 4.198767128285313746e-03 2.740471084536367716e-02 2.604225558367413651e+00 1.995688909467796535e-02 1.707280065910578681e+00 5.458339078262544319e+01
2.227344278542771505e+01 5.458141859338849322e+00 -4.755425328084937342e-01 8.394014880907874412e-03 2.738641689544005567e-02 4.003860371765536108e+00 2.526677237422259026e-01 1.892054581927152368e+00 4.670245590644755396e+01
2.071773507392557079e+01 7.678330916991416899e+00 2.347734052953903972e-01 5.924948821809642233e-03 2.740908812574529424e-02 2.150835169234294408e+00 9.433943161106936870e-01 1.812954613651908131e+00 6.009574556890403585e+01
2.101795353584282111e+01 6.016966330516537731e+00 -4.007304990369588982e-01 3.701294500156591429e-03 2.751715322118212029e-02 3.214022325439493954e+00 3.461588924070850837e-01 2.028329048197979656e+00 5.035159412048967198e+01
2.165328093169171453e+01 8.505128146362512354e+00 -4.515993986429991391e-01 3.186036922661531542e-03 2.765468895809930841e-02 4.369673355264277248e+00 7.177723210454955982e-02 8.034349477873100609e-01 5.771625803016464573e+01
2.213022776539507319e+01 6.226874455046614187e+00 5.001827424810586509e-01 4.825837092615014104e-03 2.757149567533469237e-02 2.204984483539135454e+00 1.650717710473401656e-01 2.333535845062364444e+00 5.983587089467102516e+01
2.229649512851215931e+01 5.156874081920578057e+00 -2.082948861746185820e-01 9.307811849214867733e-03 2.717911656704870282e-02 4.087068959558849635e+00 -9.906848519936430897e-01 2.746634554418130758e+00 5.918921700371506489e+01
2.067349522582578203e+01 8.523581119726976851e+00 -1.702214517882087996e-01 3.827411805194524952e-03 2.771887333393974889e-02 3.750459326384568914e+00 7.287779928318469658e-01 3.141539375816403190e+00 5.246854209291991822e+01
2.136621202120354113e+01 7.258178378481875193e+00 1.174018167819571301e-01 6.313304201802280233e-03 2.761983013914848240e-02 1.344792028727831212e+00 -3.535326917065135799e-01 2.444444803569113756e+00 5.274659589126721215e+01
2.192560937916202590e+01 6.018273252069474388e+00 7.529850825643030765e-01 3.136113175711975187e-03 2.773158284637580392e-02 2.981920976580147098e+00 2.529452584394158432e-01 2.810051872765280567e+00 6.327644505738706471e+01
2.222384221472228560e+01 4.614014998615773244e+00 -8.919338725028067572e-01 6.156701241400643065e-03 2.745866275035518597e-02 3.204313700616838734e+00 6.539764402548970956e-01 2.044306779430399512e+00 4.330648899392986095e+01
2.436276545164774632e+01 5.015430679554714999e+00 4.525056689921417297e-01 5.267396361654419663e-03 2.748060724676176791e-02 2.636711242728052795e+00 8.133106125263229735e-01 2.220634016549750900e+00 4.788503296294469180e+01
2.348625591022393522e+01 7.433115726140369972e+00 1.719634213699788305e-01 7.490586633663495406e-03 2.755490791514930010e-02 4.643255071429689629e+00 2.477035068191681955e-01 8.276381663731602334e-01 5.713229428689746214e+01
2.151847358020394552e+01 6.650842745785957355e+00 -5.953712901787776568e-01 7.860525310789848868e-03 2.738919584376350164e-02 3.804258875390943651e+00 5.580457649011103527e-01 1.980141112458749131e+00 5.609830600448743354e+01
2.086982486571750783e+01 4.844610661525034168e+00 4.967308283017972392e-02 1.189388211533607244e-03 2.742863847185449122e-02 3.767412171264920229e+00 7.713630115565304202e-01 1.744610153192763802e+00 5.063415280433860488e+01
2.268311068335179215e+01 7.288506886986015232e+00 -3.664974392489203092e-01 2.863679516025883533e-03 2.763574952196214476e-02 1.334620928459520517e+00 2.714796887928745406e-01 9.880973893789770646e-01 5.384807523340354862e+01
2.042159041718847945e+01 7.181501346627593207e+00 4.525852048526175786e-02 4.579308037468862139e-06 2.750384976228931536e-02 5.932049961183953002e+00 1.472089826808944402e-01 1.674011491410235086e+00 6.315107200433881474e+01
2.372149407588144499e+01 5.150507471898556844e+00 2.003874142683176873e-01 6.281300611335017409e-03 2.759119106181146322e-02 4.912377397703958870e+00 9.598844817383755945e-02 3.478711323014787582e-01 6.583784656463986096e+01
2.300161399555069508e+01 5.398825050093440936e+00 1.502041445463524749e-01 8.456824427960658169e-03 2.724768833096355078e-02 3.781371921965597238e+00 7.675479063607615338e-02 1.083732260233994715e+00 5.668233794522804203e+01
2.201315188905017095e+01 7.536596371948506956e+00 -1.059792841057543150e-01 4.808271416993399258e-03 2.738851390426308083e-02 2.693514981964828969e+00 -7.217869841311806978e-01 1.319701652265722558e+00 5.601201368438633921e+01
2.165938859451735965e+01 3.016112529454082036e+00 1.485933288639865735e-01 5.606030227459143228e-03 2.743682228285164795e-02 1.924959675706277906e+00 7.754736405941522470e-01 1.819991743631305781e+00 5.906200749992718357e+01
2.110176504401296427e+01 2.204245510753883863e+00 4.514599174829150852e-01 6.183025367964384636e-03 2.748706050369099929e-02 3.344547657657716666e+00 1.226182535545787822e-01 2.516429660983515504e+00 4.518702117921193206e+01
2.351099156099808241e+01 7.824873237201066090e+00 1.502831287784364700e-01 3.909437084266235464e-03 2.791734249649850327e-02 4.667767855073629235e+00 -1.455565285349262439e+00 2.437082363166195170e-04 5.628406231338448151e+01
2.143313798828895145e+01 7.500691058219494778e+00 -1.221499840108761781e-01 6.847484865135907393e-03 2.746349747756268722e-02 1.743132417542845536e+00 9.286667155013064168e-01 4.470889391372801502e-01 5.430807924143101673e+01
2.218532745740738577e+01 7.466568327855143572e+00 7.597430129272568500e-02 1.260668849099296461e-03 2.765463716268626998e-02 4.088420613506804635e+00 -5.294152567809906618e-01 2.505237206047439713e+00 5.908978218714359087e+01
2.443211836096565293e+01 2.898838057036446703e+00 -2.395648772032498985e-01 6.219573140120551388e-03 2.777829090603381110e-02 8.398224517214150087e-01 -2.217177475532046138e-01 2.043462192055066851e+00 6.471181947890795527e+01
2.178252229729124068e+01 5.798874961648274429e+00 -2.200379950070876223e-01 2.147844651809225399e-03 2.732510482755477754e-02 3.829301380321235904e+00 7.195835236797498702e-01 1.006196171839144116e+00 6.639331137561102025e+01
2.237238961329506992e+01 2.285078811221671558e+00 1.580357527128535833e-01 8.532343400232069233e-03 2.750031768151168718e-02 4.643637711183165706e+00 6.580600769526419036e-01 9.625212355796688435e-01 6.203450564204965900e+01
2.198424448924617991e+01 1.872370337315378386e+00 -3.171107134493585389e-01 5.161567080531411118e-03 2.731596918230021556e-02 3.971432418521434471e+00 8.433081711749488285e-01 2.327320509932041315e+00 6.097992851754079879e+01
2.305254404377556199e+01 3.916722556684237855e+00 5.072555948065208264e-01 5.469614336338199725e-03 2.754728570402440943e-02 2.055191255079108714e+00 -8.245489026692541801e-01 1.873154191084940745e+00 5.018914040721208636e+01
2.145379545952083689e+01 4.135980093675185820e+00 9.326051582604072410e-02 6.843214763964922381e-04 2.743937285229431158e-02 5.231369750630037174e+00 1.949165210080558985e-01 9.103466491417093742e-01 6.402885991980720348e+01
2.323088671832469387e+01 6.876931949411445366e+00 -4.272663511177128282e-01 6.632058940077652578e-03 2.746731575372007850e-02 1.973631381295180232e+00 2.400584632348585767e-01 8.842997700825503404e-01 5.052776382601636129e+01
2.395127125623868025e+01 7.085299928058709007e+00 -1.361763314377081591e-01 5.143238797351032052e-03 2.731009784915167105e-02 4.040535864603279848e+00 1.664172469255400522e-01 9.913819061819932887e-01 5.940601469834108173e+01
2.387277541847092976e+01 6.075669176994187737e+00 -4.612812787590458985e-01 7.228621093008039816e-03 2.746698854527298422e-02 2.438068183055023042e+00 -1.794110713800631807e-01 2.355409957409613231e+00 4.657843544940547531e+01
2.301558478332215785e+01 7.737253757758352002e+00 -3.075651831479973008e-01 7.596191734790984536e-03 2.701874371741989564e-02 4.155891929446501543e+00 -9.596372767884863153e-01 4.158555191399459505e-01 5.037810372105978018e+01
2.298461110769582305e+01 5.291231726226844678e+00 9.472415696916031136e-02 8.500021753013068532e-03 2.727856529838788152e-02 3.569925794936548158e+00 -2.845204846783042640e-01 1.206905569420307245e+00 4.871475814936759008e+01
2.451870943917653278e+01 3.973941499627627660e+00 -1.947632733815916062e-01 5.683207847626004124e-03 2.782170106568291473e-02 5.073273680320263601e+00 -1.947977339198017077e-01 1.867922107757352901e+00 5.259129036236708288e+01
2.269376801917379538e+01 5.167882319235745037e+00 2.451297642539812249e-01 7.701668286328434108e-03 2.734051452658575049e-02 2.360373750552195116e+00 -7.116835748125869276e-01 9.815912651182476800e-01 5.159491355959670500e+01
2.336283109464980967e+01 5.860581640505300172e+00 -4.254882414962211090e-01 5.924370027756461175e-03 2.750155712943876118e-02 2.007365607766304905e+00 2.807316013559133516e-01 9.136065203190644191e-01 5.310906039658410549e+01
2.303853485825928971e+01 5.198574727964421882e+00 -4.098128860176358801e-02 6.121902372130519354e-03 2.765176534792755311e-02 3.872497640019636478e+00 -1.724408557901262462e-01 1.854514032024095815e+00 4.667590054615278916e+01
2.043482859715435396e+01 7.018894710256683211e+00 4.941085154569069271e-01 9.796002747919686088e-03 2.741861070530467182e-02 2.813628243496941295e+00 9.222547144759754012e-01 2.568565221838375212e+00 7.148879555462070812e+01
2.453392521822640404e+01 5.665687221372947668e+00 1.048919180552082137e-01 7.016897276079728761e-03 2.742944478979154541e-02 5.382399658508220774e+00 1.355876272325848841e-01 9.592980367254462237e-01 4.548598504998405900e+01
2.331240133447635543e+01 2.807624586419962931e+00 5.178706542188989959e-01 3.628584095875395966e-03 2.766891978427651194e-02 2.126295112199042325e+00 6.159268076052049068e-01 2.124521069543021667e+00 5.059582781104334259e+01
2.130111912772200355e+01 6.781053961538295205e+00 2.186379816214262806e-01 5.572798307876090408e-03 2.748581215104823477e-02 1.107627711211284227e+00 -9.489890235948050812e-01 4.542229645731544196e-01 5.754849046329045592e+01
2.289220242013442430e+01 2.290992481557906579e+00 -1.322536989274021857e-01 2.048528097882896647e-03 2.743779487927471700e-02 3.244278083341996410e+00 -2.798836474272425878e-01 6.471846781786810832e-01 5.689064912812641950e+01
2.219005163886271248e+01 6.241042641414042969e+00 1.985143445834582632e-01 6.511528318092838462e-03 2.763141795613488494e-02 2.196928887526019558e+00 -5.592402580671158585e-01 2.294774533203547850e+00 5.047968367757709984e+01
2.033448827000867354e+01 4.363683143690432864e+00 4.233773581733085711e-01 5.502864756334670780e-03 2.767510905663685475e-02 1.007197751116929219e+00 5.278553676777217873e-01 2.254681037714175051e+00 5.932266334932820939e+01
2.264207609660504872e+01 5.607409820651002796e+00 5.265847900175008034e-01 5.189350857650379227e-03 2.740591044250384814e-02 3.579823657318370600e+00 8.268190390141554325e-01 1.398084251858758398e+00 5.417304694127823694e+01
2.111320160609160013e+01 4.698304453329749997e+00 -2.903350672681010991e-01 4.769528038173433473e-03 2.768038629412644322e-02 3.171526685195634077e+00 6.256379257398729798e-01 7.951842425211512744e-01 5.480816592687978073e+01
2.393563157993326485e+01 3.622596079666422053e+00 1.953697972309927089e-01 8.506721894637844783e-03 2.756483861127119114e-02 2.646559349291597307e+00 -7.417531436729163374e-02 1.003374579769977570e+00 5.548227559480969262e+01
2.250677853781844817e+01 6.908593545048113072e+00 3.353522071533692611e-02 3.786006026816740849e-03 2.765581779567806431e-02 2.080964146733719211e+00 -7.010326102127671932e-01 1.747819866778762998e+00 5.941927777008542222e+01
2.258016184281621364e+01 4.629734649317030382e+00 -3.323703794051130478e-01 7.261349330847587449e-03 2.733290861199206070e-02 2.920645943085103280e+00 4.102946690775564065e-01 2.244136610640917073e+00 5.118660438491585296e+01
2.195546298057608325e+01 4.540328394627478836e+00 3.071796618880047181e-01 7.998146804882139485e-03 2.734145532825343894e-02 2.208936772579583874e+00 -1.054438660991825039e+00 1.349196587223990385e+00 5.095922302389978853e+01
2.222192879412813937e+01 3.401993789533146018e+00 -1.867044255822065957e-01 7.988887317636894289e-03 2.743362991261414849e-02 3.604449483284915434e+00 5.597310956476579946e-01 1.735912341890978094e+00 5.595636282154897856e+01
2.189036026531503509e+01 4.188827635942414140e+00 -2.079218654726791848e-01 6.818647553336868242e-03 2.734552651447225841e-02 2.404260513549461020e+00 3.778791734468933683e-03 9.712693010742214916e-01 5.254061639271402839e+01
2.136522196298002285e+01 2.485622553293172388e+00 -3.206891938540433751e-01 1.048561827279644032e-03 2.774985000292709905e-02 1.738812775848460168e+00 -4.162432564653080203e-01 8.962339802407699452e-01 4.406995304857746731e+01
2.132627656738470989e+01 1.570952544966058406e+00 1.715655938164851735e-01 3.045181759071947762e-03 2.727909292023055973e-02 4.932341305395007147e+00 5.869359930438977635e-01 1.138758296304120288e+00 6.583193964675248822e+01
2.299798299172769944e+01 6.487027231489373769e+00 -5.011479826267027926e-01 4.336194593903820033e-03 2.720310270520194529e-02 4.645243131942898174e+00 3.134248981000768985e-01 4.971867981247264368e-01 5.173975059128601117e+01
2.235210612663486529e+01 6.098423042844648201e+00 -1.792744833502890045e-01 3.174312999489174898e-03 2.740306784024117842e-02 3.770524058732604544e+00 8.916286863278721775e-01 1.885686585628171263e+00 5.259439984349209141e+01
2.226315174920401674e+01 6.535870495542828174e+00 -3.134520710524355547e-01 6.786203765954111969e-03 2.759471042405979221e-02 3.819688954856937713e+00 4.896650461020697342e-01 1.284073183783122962e+00 4.561196891219451999e+01
2.260153206578378615e+01 3.128402842383001037e+00 1.101975990066073191e-01 8.135161778038661404e-03 2.753525889088519890e-02 2.518370192922453121e+00 2.015086937592069916e-02 2.355195646973880397e+00 5.160034147599043308e+01
2.294884606418215256e+01 3.647314143881242643e+00 4.617857204425265122e-02 9.617136381718347990e-03 2.748768418869558874e-02 2.388163429084999123e+00 -3.391633269331451039e-02 1.120176118972225243e+00 5.564107508381245992e+01
2.120130186764883717e+01 3.779658485627525710e+00 -4.293719823784842848e-01 3.490342724914110087e-03 2.734501607624549580e-02 4.857688682518339185e+00 -9.773051000516824738e-01 1.047889226740980728e+00 4.488101517361808135e+01
2.196744172344211421e+01 6.293286098783554827e+00 9.939580514583178095e-02 5.220629666408327434e-05 2.750283941016188824e-02 4.084291204005454645e+00 4.098457290576635881e-01 1.880705171694672329e+00 5.158182636611579142e+01
2.197662540355803173e+01 2.728659109200836763e+00 -4.452925868035327306e-01 1.154069760426572160e-03 2.733286152309151451e-02 1.283913659218709036e+00 -7.397273465421037031e-01 7.876997121527844481e-01 5.664773602655494500e+01
2.378380699297131784e+01 4.527317528866987573e+00 8.191072510510116755e-02 5.842349816323362359e-03 2.721431233432333036e-02 2.064831840064348611e+00 -3.960970367254339486e-01 1.959570958383319184e+00 4.684738465038251576e+01
2.307573328867175633e+01 4.401295188820669502e+00 2.771945646062519142e-01 3.596351657817818247e-03 2.751346892949736028e-02 4.887369812893866516e+00 3.094127856859070214e-01 2.173857196030394512e+00 5.450312462215095621e+01
2.464711995503514785e+01 6.316733588100426289e+00 1.739471814290897145e-01 6.124299109511263488e-03 2.791593639764765669e-02 3.785044730544474323e+00 -7.361516610429756913e-01 1.390804392913413734e+00 5.262451368560996912e+01
2.349010442205281990e+01 1.734566740162425846e+00 1.447891105410143708e-01 8.092901480962897548e-03 2.789097514418810778e-02 2.005947137053926799e+00 -8.033205296669002626e-01 2.932790801264817837e+00 5.754187315506000999e+01
2.189909949210675677e+01 6.855934181763379875e+00 -1.179895760631274881e-02 2.575667873730622809e-03 2.733820801216687441e-02 3.179112928168125851e+00 -1.496695919196643132e+00 5.006698378571363683e-01 4.805335537153796821e+01
2.188086983747444947e+01 4.059037111738411419e+00 8.851311349274080739e-03 7.790177522981316799e-03 2.769516351181439476e-02 2.814987441899990284e+00 5.208499492994329572e-01 1.459198836123575038e+00 5.518280304352094134e+01
2.201398743355159127e+01 5.684870796770265855e+00 2.014008343285473568e-01 3.542058540403203361e-03 2.731857032740523175e-02 3.634422785683612211e+00 -5.979854855959465532e-02 1.808932094583699524e+00 4.921299271391529828e+01
2.370529427452006743e+01 2.155546156107433831e+00 2.847980945003824593e-01 5.327753194644518561e-03 2.749139562666550948e-02 3.673231447564178964e+00 -5.525078499943667509e-01 1.398150433449278918e+00 6.467232997296132169e+01
2.279267384418923825e+01 6.314933831062891301e+00 -3.690160420429703519e-02 4.748823762385006794e-03 2.752011615485398452e-02 3.314030450129957561e+00 8.066691428092824800e-01 2.112984984600828842e+00 5.549899381826028133e+01
2.141121509390949740e+01 7.193174493381469858e+00 3.973229971560657270e-01 2.798334691205599245e-03 2.779988131211369798e-02 3.490642233143241402e+00 4.058929559292292488e-01 4.350079906444228595e-01 5.081191635138345220e+01
