3.597490098577316786e+01 8.575339305548160596e+00 7.572592264778724158e-02 9.998730022642347143e-03 1.175252890445107473e-02 3.436882319533869801e+00 -2.856725754693489883e-01 1.874445723727075297e+00 5.647956230562231639e+01
3.533932710450765313e+01 1.009236253886169887e+00 1.773408029890939375e-01 1.385542465875342884e-05 1.136709353321777548e-02 2.318387104902315698e+00 1.035407491424784610e+00 1.446492266641068003e+00 5.851732396463055608e+01
3.746466741055508010e+01 9.735816239877520317e+00 -2.399954305210466876e-01 9.998874601605889714e-03 1.158330800114878295e-02 5.018186509031509424e+00 -1.234141152240430195e+00 2.460669291848133489e-01 4.290942398428067861e+01
3.914038965310756168e+01 8.185111419429853541e+00 4.459226796849887209e-01 6.915101001829375947e-03 1.163274401682729345e-02 4.266833713346453116e+00 6.289000537148208281e-01 2.798560101279349066e+00 5.027425815239470808e+01
3.657269652276075078e+01 1.061865291563803826e+00 -1.832667772128160621e-01 1.239737903993936544e-04 1.156098389232399978e-02 3.838337700792299856e+00 1.135502172473330518e-01 1.770863013844418354e+00 4.434927744735203703e+01
3.930779927295283471e+01 5.896545781596700841e+00 1.216186031788126926e-01 6.315822742037679148e-03 1.125147848411423533e-02 4.283571482901907146e+00 -5.513541257705343313e-01 2.275781774081468534e+00 6.114884363084050278e+01
3.606762273274915032e+01 6.019086873579627017e+00 4.404372391315402591e-01 6.203176923530816407e-03 1.118948576765624661e-02 4.147533546521166237e+00 2.958045824708142035e-01 9.264233376547090781e-01 4.892723609102642968e+01
3.582378027408719845e+01 4.409252981779906655e+00 4.110238595331943134e-01 4.617803825654367110e-03 1.130338720520310258e-02 5.396571207971319950e+00 2.532425981236618995e-01 2.412894296240951864e+00 4.961394886637695834e+01
3.830633339522533731e+01 9.980362135484128316e+00 -1.032774630310123176e-01 9.995715023310551908e-03 1.148731427979986230e-02 3.087353300538480116e+00 1.751635490238203641e-01 1.816577650382254383e+00 4.891514174603788945e+01
3.763428933052945524e+01 2.407214994294173405e+00 -1.179578362633382643e-01 1.875908808776864786e-05 1.163644785991963145e-02 4.838215490540936692e+00 -7.313130147771456091e-01 1.178935009730205818e+00 5.295027095780918103e+01
3.805095500856788249e+01 1.000730268640928511e+00 4.618909054357300259e-01 9.633205970982674897e-07 1.171964056558417490e-02 2.744007164008590571e+00 -2.571057711689348491e-01 6.362555701875763914e-01 5.290496545213861879e+01
3.608618673905840524e+01 9.974541193990276611e+00 2.228270159152048457e-01 9.989519623955101651e-03 1.119297313278989382e-02 5.484626302007816534e+00 9.257914855990714287e-01 1.335375639826856364e+00 4.281908283763621625e+01
3.765518351878392878e+01 4.937331709529195756e+00 -3.577492275173139741e-03 2.168332479273472337e-04 1.139529812624126559e-02 3.243812238002871329e+00 4.767336983544478990e-01 1.043141087765605546e+00 4.813792945071176632e+01
3.709517468244463601e+01 8.224287841763061380e+00 -1.102865791031500675e-01 9.999169040944421924e-03 1.131269685621244178e-02 4.879400284345710936e+00 2.079169091994774732e-01 1.044774323978209019e+00 5.299145655640679564e+01
3.834386339850461667e+01 6.117959189612992787e+00 4.616948656464636702e-01 3.529651570243292551e-04 1.188904884730953605e-02 4.344989659240480862e+00 -6.567482093904013496e-01 2.380418871328974895e+00 4.821805283860890512e+01
3.645120714887080027e+01 7.969797814284656390e+00 -3.605966574056579388e-02 8.694272706172914700e-03 1.157387200868466651e-02 3.733262486871429253e+00 4.316219990327416767e-01 1.642590630555820219e+00 5.457358299253559153e+01
3.720579517004907899e+01 4.205125753660054144e+00 7.680181711353881169e-02 7.307361440588949070e-03 1.140246041993677080e-02 1.688254631945030448e+00 5.402932649265412834e-01 1.407644925604837560e+00 5.272649345747183958e+01
3.856549867393577102e+01 4.376356877235421550e+00 2.314609731529646830e-01 2.382751845487988550e-05 1.157115965508687290e-02 4.404955613673885217e+00 -1.047992179604235519e+00 2.701715553821125937e+00 4.409404470619259087e+01
3.712244314547213975e+01 9.035089571326674118e+00 -1.857129171960490710e-01 9.982799238571305606e-03 1.154535077482377395e-02 2.490990130452498619e+00 -1.203276753052843651e+00 1.220236213018003779e+00 5.730862269885158611e+01
3.636011568952302753e+01 5.958495116915509371e+00 -1.638380142540489248e-01 4.565065138420212019e-03 1.160845963947535267e-02 3.252998940470573697e+00 1.618454237941984175e-01 1.913540490938919536e+00 6.104333061126088467e+01
3.809159202416091006e+01 6.437084966166470856e+00 -2.506339352456586900e-01 9.684601909217353463e-03 1.103940390047230581e-02 3.170103580242251140e-01 2.769047086653206868e-01 2.432151316411895081e+00 5.300155201311861219e+01
3.624453336332061326e+01 7.438058545957026091e+00 1.720545950973885185e-01 9.980533710026235489e-03 1.135946880338216045e-02 4.412607484426088078e+00 -3.937383424928941889e-01 7.629519719757409391e-01 5.633886004694467431e+01
3.597426657661758043e+01 8.573803806387669368e+00 6.095609292495358655e-01 9.105743670026689640e-05 1.159740357421871343e-02 4.163933764433521922e+00 8.701269274752752025e-01 7.314083484992366380e-01 5.813277054253873644e+01
3.624166722694418752e+01 7.164322226546825156e+00 -2.323728445794945030e-01 2.508144090782534179e-03 1.175608283202982801e-02 4.455958301752747097e+00 5.514668585042414861e-01 2.515367867914447775e+00 5.456035688643768111e+01
3.778223189956494821e+01 5.302876170945919121e+00 5.820442925639180975e-01 7.994185688587170796e-03 1.160225365544846794e-02 3.881514677093968579e+00 -2.844265578260163352e-01 2.160123894993462468e+00 4.198173182129276171e+01
3.684482875099129728e+01 1.007439075179632493e+00 -3.022915317298725535e-01 4.283088517741609824e-06 1.167042651281321661e-02 3.459354641672951480e+00 6.390329980887363703e-01 3.165234334268830496e-01 4.697091997157901488e+01
3.833413362927947077e+01 4.709170500294986184e+00 2.118654143632474895e-01 2.972385073551701319e-03 1.176072399974279967e-02 1.284609951344986012e+00 9.581850128208153627e-01 1.510630438714260615e+00 5.606007922464040405e+01
3.924577091458928635e+01 1.071962815578932027e+00 1.513375203890376941e-01 5.956676481116832730e-06 1.186546934509078062e-02 5.499058718531043333e+00 -5.777639642801107867e-01 9.389192522896283588e-01 5.053247134431236276e+01
3.547291234795269332e+01 5.072011616365465159e+00 -1.277955017541143323e-01 6.742180258713816390e-03 1.157285181253987251e-02 5.452628199627866934e+00 -4.188401726622965615e-01 3.103085935343016244e-01 5.477510059496107431e+01
3.691873937366066372e+01 5.426375355728233707e+00 -2.523862492810834413e-01 7.771685694816518088e-03 1.178113348008460494e-02 5.577324768272893252e+00 -1.176050753567089213e+00 2.546977569625311411e+00 5.723735245394152571e+01
3.685315010238925737e+01 5.840112817190825645e+00 8.380082787309096892e-02 8.875912347416834141e-04 1.184977524634794367e-02 1.340336385431335930e+00 7.289397810842395131e-01 2.121973893663995359e+00 6.091595384051811379e+01
3.501090362205176376e+01 1.622653243619724739e+00 -2.468216390564407503e-01 7.854308383068945437e-03 1.151978115872266326e-02 2.428398374460006615e+00 4.111719469999948195e-01 1.165555647251096616e+00 5.258949707445207622e+01
3.751738926960619125e+01 8.898591587427041816e+00 9.796718010608169991e-02 9.999389289195166966e-03 1.133079398982985223e-02 6.968840714311991258e-02 -4.331960230406886048e-01 1.963297083067960802e+00 6.217853535971581636e+01
3.717525975497584767e+01 1.184462385322842204e+00 2.067950187809109441e-01 4.711863763365162043e-03 1.180936174788821749e-02 4.356082178527715953e+00 -5.016300187844962011e-01 1.326487908006640293e+00 4.770547756546812934e+01
3.904436310490392970e+01 1.000330186980545211e+00 -3.701777834283437318e-01 6.281742796198227684e-07 1.119001695605324059e-02 2.766078123691435131e+00 8.015172688972249659e-01 2.222305620811169558e+00 5.680703518995547086e+01
3.914087611465778593e+01 4.196611504785537683e+00 -3.742735653104533461e-02 7.597328750770379439e-03 1.112728707144272633e-02 1.545743740629220930e+00 -8.227767728143787762e-01 2.219511249657000196e+00 6.009928349039056883e+01
3.545602866933700881e+01 3.963721915875320523e+00 -7.623297392528968763e-02 1.821635591554566884e-05 1.174946961739550995e-02 3.764126364096691990e+00 -2.880078450157406156e-01 2.491645264134469517e+00 5.351430674658279685e+01
3.670223555831034190e+01 1.141182456578586635e+00 3.558089057189501442e-02 3.461094334928073403e-04 1.114684328754200586e-02 3.158720276198049071e+00 -3.590852179673178490e-01 6.100811041124986067e-01 4.825034487745210754e+01
3.668496592071728912e+01 5.842105793317815099e+00 -2.405571027289503047e-02 9.999995880163124046e-03 1.142798083759261930e-02 2.564587494352544628e+00 1.106866178889180929e+00 1.805850329226861950e+00 5.064348536713999493e+01
3.756023074661761996e+01 1.592637489577341192e+00 -9.774672654261559734e-02 8.846272355598575076e-05 1.170560959708051574e-02 4.362379409357984628e+00 -1.329584276814278709e+00 3.141195468387818046e+00 5.188133407158915844e+01
3.885158140358718271e+01 1.354924098814397126e+00 -4.350461228687215187e-01 2.458619998626966488e-04 1.135352459184666048e-02 4.879922834500149520e+00 -1.525538900160163358e+00 1.925991438878081663e+00 6.053151681925817940e+01
3.885355530499384002e+01 1.332407071296269896e+00 -2.977984739982152407e-01 3.717888961271799061e-04 1.185005574945496160e-02 5.569830042330817577e+00 -8.594076672923652849e-01 1.133868423739890829e+00 5.247146157210244866e+01
3.857537737123683996e+01 8.381193097231770750e+00 -1.140609649058696995e-01 9.998066702395726549e-03 1.137226293537390957e-02 2.922999162087396297e+00 1.362440603687811169e-01 2.945302483864788434e-01 4.658902241956528911e+01
3.936267533074485669e+01 1.346398739659677712e+00 6.448721082755323741e-02 1.884670639092232063e-04 1.169144283903383354e-02 3.208184578595921987e+00 -5.482840159523307833e-01 1.291648474244519784e+00 5.578478439928739618e+01
3.709090701567340886e+01 6.912948115224581969e+00 -2.037238942615075543e-01 6.817737910837345580e-03 1.172239289939362890e-02 2.255661584179232904e+00 8.894496440904453571e-02 1.165216404527168237e+00 4.930236459963241913e+01
3.694433276723166415e+01 2.839657746327316268e+00 9.056002913618614591e-02 1.427068904004121321e-04 1.134842524717619497e-02 2.592491051221357257e+00 -7.412415825914612233e-01 1.700450002431774132e+00 4.709999009238229206e+01
3.817972785177028783e+01 2.034668093661839094e+00 5.278483052023126287e-01 9.375194644461175286e-03 1.145906330962616869e-02 5.125398142133423818e+00 -1.109179193055138679e+00 2.616019827817617660e+00 5.027638840277801791e+01
3.879209578625253840e+01 6.982884541107615917e+00 -1.510568517557472068e-01 8.337955358685616991e-03 1.153548637901690398e-02 2.253665143745464228e+00 -3.382368229587680020e-01 2.630974220029289601e+00 4.456610436826356647e+01
3.815710495625788212e+01 2.638372037910297063e+00 2.457273965441450492e-01 4.256066080659304078e-03 1.163593242304103784e-02 4.569163278882603763e+00 -2.532648854868733146e-01 2.626183792771095593e+00 4.217390169277679490e+01
3.609404457996267013e+01 7.615166779819015019e+00 -5.193436874511025980e-01 9.987215543474954951e-03 1.101898999521316348e-02 3.475093775734839685e+00 -4.027714330348932670e-01 1.959094972795308642e+00 5.137220180737197239e+01
3.798387672263432080e+01 8.710138452184130742e+00 -9.599628721896752426e-02 5.914773183882311193e-03 1.161436079025033978e-02 2.854881750742486624e+00 -5.489274607220901991e-01 2.220839836639709741e+00 4.555481498642166827e+01
3.715376829760381838e+01 5.724575158916408668e+00 6.401994937592847372e-03 9.999710103218810431e-03 1.120887742458544570e-02 2.971649729064961498e+00 2.026697207995242778e-02 2.804258749083476943e+00 5.259535088154259341e+01
3.656557618945473820e+01 8.375591181402583629e+00 -2.926143589510616927e-01 9.748534710646621082e-03 1.150364157458710727e-02 6.282444846723067577e+00 -6.835926728660316476e-01 9.738835200390800750e-01 5.690200223162171511e+01
3.920710512706832418e+01 5.683689212980181260e+00 2.595554999825360754e-01 5.281354821981115374e-03 1.151971488260543700e-02 9.100046105570044341e-01 3.814948495125816130e-01 7.928772229513889602e-01 5.145637471751048508e+01
3.789102964469216062e+01 4.106053559952176357e+00 -1.302551215993863996e-02 6.480349857033315675e-03 1.119303158605783333e-02 4.100635604000176571e+00 7.775559441872568200e-01 2.589843144305246980e+00 5.299147564424512069e+01
3.722268666854407826e+01 5.817830026668643129e+00 1.186718028497361355e-01 1.611659148526247169e-03 1.144452825427287948e-02 2.345106452858169543e+00 4.285876690056773519e-01 6.721023454784755824e-01 5.260250418795725125e+01
3.673064616306540131e+01 8.390193186844737028e+00 -1.435449955037486694e-02 9.992076242881071935e-03 1.131941076123110616e-02 3.937050363351270121e+00 1.077042122823430592e-01 2.282287900644311751e+00 6.062448487679000664e+01
3.794013088158229863e+01 6.484075379821886642e+00 -4.003321022770777171e-01 7.460158034752912941e-03 1.137245174208200045e-02 1.841361604391732687e+00 5.117416777747934020e-01 1.930569182487809066e+00 5.457757442517195301e+01
3.874016886965121387e+01 2.661607101104169537e+00 -1.692539052417492140e-01 9.527733739940284427e-03 1.161143955276737298e-02 1.511421957486438039e+00 -8.145896931634366567e-02 2.385099920379704752e+00 5.144152782079068231e+01
3.825926272423563290e+01 6.288822657256187831e+00 1.752549966328646822e-03 9.999265314511743274e-03 1.159858346120143206e-02 4.316139376884639667e+00 -6.653090269476549246e-01 1.342633309907202310e+00 6.059771462961618482e+01
3.682140231894511828e+01 1.279552366487637372e+00 2.917742285691269366e-01 2.008899332099427736e-04 1.139863407582619205e-02 5.146266205437914465e+00 8.691221182003467938e-01 1.362587325401506400e+00 5.970943167343878599e+01
3.856938819882244474e+01 5.971414220038074205e+00 -5.527680071737341161e-02 8.118278118276206143e-03 1.161886286148553112e-02 9.281469907157843258e-01 7.271251498870965335e-01 1.575776475680478461e-01 4.968578920568278079e+01
3.803929066009594351e+01 4.557679817696402402e+00 7.205807818288039179e-01 5.595791077384833050e-03 1.144669325308555856e-02 3.228554408310893020e+00 -7.084084845986533541e-01 2.181943527842409747e+00 4.993438584268335489e+01
3.736210186527551258e+01 9.278725945730037949e+00 1.757604266671833771e-03 9.996008311878227040e-03 1.132674783630584214e-02 3.000029521420486400e+00 1.064622126321549178e+00 2.492710850316413485e+00 5.864702763086010151e+01
3.785320269972253016e+01 4.785453088874446870e+00 -1.965318477451573620e-01 3.475781644595507883e-03 1.137299014531910693e-02 2.031085530997589039e+00 4.598613202443946335e-01 1.991199552071179157e+00 4.880749475460476816e+01
3.833811988198829823e+01 3.605529803923492427e+00 -3.937111364947565861e-01 2.340732390017449208e-03 1.167664599723916390e-02 3.938672810453230255e+00 5.710747876588548877e-01 2.804756833209443023e+00 4.779036430918719702e+01
3.710811116113025321e+01 6.018826832102015523e+00 -6.353866273486465099e-02 9.998742393611859819e-03 1.172265146553365910e-02 3.596370755030191102e+00 -7.023155273532665221e-01 1.366863768524711364e+00 5.199940915491285409e+01
3.748602075905437658e+01 1.137632482020010549e+00 -1.625968602844281574e-01 1.570162589843371250e-04 1.182148610921156251e-02 1.335384536212305129e+00 1.173269099275447758e+00 2.247668161322490477e+00 5.790714090916787882e+01
3.753491882147009306e+01 9.994828368035351573e+00 -4.354663283529150442e-01 9.999419978897087363e-03 1.115438029700964624e-02 4.365761107768663329e+00 9.653834952395650149e-01 1.571909440657233148e+00 5.142735225902788443e+01
3.842624038002847442e+01 4.467438480472006646e+00 5.356366495145128276e-02 6.955819757035228146e-03 1.156417618191224635e-02 3.677820739304027864e+00 -1.068076081396934551e+00 1.681616163701860289e+00 4.402103743904575595e+01
3.715907896311827585e+01 1.973250923127921386e+00 3.133465606478324506e-01 2.156156183266290816e-03 1.131334687727261583e-02 4.579285793082572553e+00 -4.142614748160766691e-01 1.126548499272040482e+00 5.466112888227396382e+01
3.878315351823921020e+01 8.529464067187934262e+00 -1.407779326983775170e-01 9.978156774798409637e-03 1.118953766821099635e-02 1.241805360251845292e+00 -8.013246483973679446e-02 1.717056051568444097e+00 4.632946147602736886e+01
3.750085321908508007e+01 2.543951375487731426e+00 4.057767264314870656e-03 7.811590571397132067e-03 1.131036058216247468e-02 2.378959742000551714e+00 2.255146009675768060e-01 1.157937780496036462e+00 5.240626911177625402e+01
3.602173905863043757e+01 3.695729842773197049e+00 -4.605058725792028351e-01 9.991376641791529373e-03 1.136168664250863936e-02 2.442580049353883620e+00 2.024297288843224241e-01 2.375119724298033752e+00 4.905336333893473011e+01
3.639421539838687636e+01 5.120835326121930819e+00 -4.009902286888195611e-01 9.966203358296805287e-03 1.152131142336913945e-02 1.363302696502384892e+00 6.436871126710284052e-01 2.222849504852707270e+00 5.825144486970185653e+01
3.753186962175281849e+01 1.164332521009043830e+00 1.112908440705603491e-01 2.167787900756298555e-04 1.117300310635167999e-02 3.452284763049186633e+00 9.678991283631748210e-01 1.868985552494531577e+00 4.577234914743181093e+01
3.812160967420084035e+01 9.662799345943662743e+00 1.349709826881913544e-01 9.971461720339958729e-03 1.144029674245383016e-02 1.270867126775440781e+00 3.999465885114015240e-01 1.479180187979264538e+00 4.251354267638787121e+01
3.775518858704597847e+01 6.768050624099237744e+00 2.026635230862233739e-01 1.570840920048035042e-04 1.166605868159718840e-02 5.900332310751256415e+00 -3.842726711087467439e-01 2.017347624901410175e+00 5.124942388869514787e+01
3.802634673348708105e+01 4.999009895093705858e+00 2.097629180765110679e-01 1.849478656186435803e-04 1.160644991932845670e-02 3.709610025743076189e+00 1.331497696153777444e+00 1.246664323151383647e+00 4.962501427667358911e+01
3.748146711612811544e+01 4.579840726956669883e+00 2.685204114469035876e-03 8.043738531961364807e-05 1.173769952552132338e-02 2.080187353324368438e+00 -1.285410493372675989e+00 3.141548513374137208e+00 5.302174548440069657e+01
3.786348135878122179e+01 5.693957268493676338e+00 2.250632004146708998e-01 6.021176269058749718e-03 1.146141871129050666e-02 2.619393355274132418e+00 7.090455406047615483e-01 1.018823294759772402e+00 4.564109090700684845e+01
3.781581429833360630e+01 3.713628417875657561e+00 -1.661871974317178646e-01 7.243560066016567663e-03 1.126090324372460566e-02 4.178852870531571284e+00 -7.163013997958895818e-01 1.746102174930319828e+00 4.503584964459936657e+01
3.744588801684753321e+01 8.720032792189089221e+00 4.964613279561941872e-01 9.567208624031256145e-03 1.146326263678829060e-02 2.079382270331237237e+00 1.771433278080132290e-01 1.536672390843747626e+00 4.460248497527113187e+01
3.800602210891398158e+01 6.953506178406155591e+00 -5.036370194295699543e-01 3.923834312232652236e-03 1.140246944086955976e-02 4.469000128436571018e+00 -4.106837257502418126e-01 2.669308708133695696e+00 6.179741741350370887e+01
3.860178773618810055e+01 2.851616071868368074e+00 -1.749577124180639875e-01 5.879477839411392966e-03 1.175056371880028698e-02 3.613469728406008663e+00 3.999865804775812883e-01 2.028441450083656505e+00 7.066755674311976065e+01
3.772150032667068587e+01 6.794883704280570313e+00 -2.749427142083978315e-01 1.478967010927153582e-05 1.169480369352032638e-02 2.355331474455393703e+00 -8.250114370230289262e-01 1.063011281609765657e+00 5.181153809729898541e+01
3.701650972057841216e+01 6.182354894533967915e+00 -1.446916328741466307e-01 1.822512218160903062e-03 1.149226834864653171e-02 3.998217823494114143e+00 -1.004895551307679158e+00 5.961216172242496114e-01 6.717434080091081228e+01
3.770066044194875587e+01 5.998628207564295600e+00 2.639872462992357560e-01 9.999845523951467544e-03 1.139936442742101388e-02 3.645023380622036235e+00 -8.989864266069712562e-01 8.623325189324270931e-03 4.464573847427726605e+01
3.884342185667579628e+01 1.002953246039710811e+00 1.354764412240820337e-01 4.877121241418009636e-06 1.172213682738284732e-02 4.164953782035365926e+00 2.048949131376327504e-01 1.784468921644978279e+00 5.804517783465204417e+01
3.927290332457171473e+01 6.637675708178081280e+00 -5.966936828634473722e-01 8.726238028482597234e-03 1.186330903373552723e-02 2.785245185099290310e+00 4.648621075706325101e-01 2.775094440045941191e+00 5.018444619746581736e+01
3.693424232412954922e+01 5.152104690533501952e+00 1.830329834372289577e-01 6.857205274998905489e-03 1.170587292213915408e-02 4.453462824262333086e+00 1.808449609722748708e-01 1.779953009313917534e+00 7.304740419807568230e+01
3.653010418906964674e+01 1.086783783862145025e+00 -2.018193836937532126e-01 2.504858742658860838e-05 1.152974247083036856e-02 1.842598802673236280e+00 2.542735489707013130e-01 2.150176272570615499e+00 5.144535122451339504e+01
3.604444998064738570e+01 3.366038632355384586e+00 1.707103683823499585e-01 3.568516704464913905e-04 1.149325333079584920e-02 1.253341830698048831e+00 -2.345164099262109225e-01 1.418168043388024602e+00 5.587500857068004478e+01
3.895522178797649104e+01 7.644658320292499809e+00 3.162041790877189174e-01 4.053654851993601822e-03 1.163667601991702494e-02 3.233663697732621856e+00 -9.935415134989111774e-01 9.699150846609526644e-01 4.296210405748383465e+01
3.633111891023251872e+01 8.937011107930299403e+00 -2.227255677748724016e-01 9.986292092432829531e-03 1.158301312310519582e-02 1.144094404173851887e+00 -9.043515467635714344e-01 1.227511344625713985e+00 4.675984040193694824e+01
3.726432816874996945e+01 7.818150030709739795e+00 -1.795428898751574298e-01 3.087833995050520176e-03 1.170291847498952827e-02 3.075962718855793643e+00 -5.034021649317124147e-01 1.440001244767650901e+00 5.235605833446361856e+01
3.911495804509618068e+01 8.352543575452033409e+00 -2.642084456445965013e-01 9.986199893615580261e-03 1.145884352130742585e-02 2.517302388898436050e+00 7.381080924562182233e-01 2.581727271844349580e+00 4.984859812862592321e+01
3.776705984885947487e+01 1.331807109072108863e+00 -2.762063177290507987e-01 2.802241463997687514e-04 1.132503153920246322e-02 1.477656244500413552e+00 1.059414072298199727e+00 1.554530068151699806e+00 5.425170017254684041e+01
3.646198606472181325e+01 6.724381471341169814e+00 2.201265402958076656e-01 8.471384131553599817e-03 1.165536808725842893e-02 4.274134608900020282e+00 1.213459295711540875e+00 2.127914291512484901e+00 6.663388889729246500e+01
3.860857741025328949e+01 2.937966769447339921e+00 1.344587995828341320e-01 7.640369786073590759e-05 1.102698594139282263e-02 2.945790144112107267e+00 -8.417029157021884700e-01 2.007058910721886580e+00 5.070872206641871571e+01
3.652158902826331399e+01 9.986433183640883726e+00 -1.622316437908968845e-01 9.998184493595756520e-03 1.126609240437128658e-02 1.333980222290710671e+00 7.540897618315205442e-01 5.012424127373227289e-01 5.066200713132285927e+01
3.675246362689412649e+01 7.411150627470888708e+00 -5.278498886795276925e-04 2.200940861544625326e-03 1.143191102333929871e-02 3.370852188399155569e+00 4.960810908507622408e-01 1.744244284110917809e+00 5.214555706954782011e+01
3.569232199917111359e+01 2.372042689673367732e+00 1.925349264459644272e-01 6.153288619991861483e-03 1.166972431435486617e-02 3.184543007609799137e+00 -1.111893592956778809e+00 1.578837335591673385e+00 4.129265372861148364e+01
3.760108532885527666e+01 5.745921504035046645e+00 -1.807354727245866488e-01 3.681761968397135622e-05 1.143237738274925121e-02 3.772844637161921089e+00 -1.101643058130636899e-01 1.679604350421034509e+00 5.170777877316968585e+01
3.707285001943501612e+01 5.568555017633748605e+00 -3.446462878034617372e-01 5.305363602152381348e-03 1.115924171003659059e-02 6.076430391900235151e+00 -4.011565751875512120e-01 2.310607990218348284e+00 4.579357299440665230e+01
3.619184784854878956e+01 8.304221772369388077e+00 -3.423445210880429190e-01 1.629528985812807215e-05 1.163527401091167361e-02 3.504458420790741435e+00 -1.030029725148324804e-01 1.067422866753524602e+00 4.594851796726094761e+01
3.794183695552421653e+01 4.255646967945365233e+00 -5.729284999153472224e-02 2.499112626331564686e-03 1.165036837828672782e-02 2.124126575835693753e+00 8.005783665680552552e-01 1.515171009399087110e+00 4.901745373705962550e+01
3.883557386862302252e+01 1.032094628902673339e+00 2.043264468585941074e-01 1.119248970835097658e-04 1.190032000070520742e-02 2.494207131299073676e+00 9.649255954256692469e-01 1.100120063489735456e+00 5.328086191205303379e+01
3.752578641942928783e+01 9.104652649837445821e+00 2.478036000916090942e-01 6.332558405712018085e-03 1.173669953975118793e-02 2.564814086920992775e+00 3.672352985239990542e-01 1.460932633418349447e+00 4.792904948447246483e+01
3.910314455045732984e+01 6.848555462338662636e+00 -1.777032328660840543e-01 9.293127706235743482e-03 1.145003602295869942e-02 3.514129327332348396e+00 5.143680201980647126e-01 2.134771112421531836e+00 5.769110456547189614e+01
3.896417946161396628e+01 5.596095205695604591e+00 -4.439542973705191131e-01 9.991737776977697993e-03 1.135789280550530793e-02 4.201460643689973296e+00 -2.238380436040317001e-01 3.063345121946639438e+00 4.277726074035439296e+01
3.599370958975773505e+01 3.412336945333706684e+00 -9.546550558840975753e-02 1.207050017507280387e-04 1.149731855093439996e-02 4.030635529553187046e-01 -4.196676172500120039e-01 2.230573335019204073e+00 5.057496097193063633e+01
3.772899927400278131e+01 3.550884377629928590e+00 -1.850683018229305407e-02 4.882781919730279883e-03 1.173064652233004809e-02 2.226328947178843887e+00 1.096977320258007982e-01 3.117152401173159504e+00 4.973103405573546354e+01
3.802959657903053170e+01 6.742926138137790737e+00 -4.689962418656035137e-01 9.998388136572586987e-03 1.136315197972464011e-02 4.799958947486886451e+00 -5.592065790248561541e-01 8.958603783269889487e-01 4.632199191262771620e+01
3.794955060896766952e+01 2.151529355940672072e+00 2.461689461536079732e-02 4.838388363849789055e-04 1.151082734419259755e-02 1.525024688834019537e+00 3.069663417119545823e-01 2.038858210939132221e+00 5.102396531692725290e+01
3.651924688957630849e+01 8.492524935077124582e+00 -1.618597775207180345e-01 9.707024573857202937e-03 1.125135420036621481e-02 1.169181534892017593e+00 3.414252264576085327e-01 6.632440405503577940e-01 5.415926175991382507e+01
3.710615615630772623e+01 6.372471591157289339e+00 -1.769684296545205038e-01 2.840517994375099057e-05 1.157226305396034244e-02 2.628519379876782303e+00 -5.032757224923538608e-01 1.617603704946535270e+00 6.003226255527959410e+01
3.538682936546689461e+01 2.716386818937114978e+00 2.709408185072132574e-02 5.699649527617556624e-03 1.164504786459292368e-02 1.123643867789039685e+00 8.259578874958775074e-01 1.405066234943675108e+00 5.110335444738888810e+01
3.731468277380989207e+01 7.605277837714933931e+00 4.708080533718270178e-01 1.973091719870646334e-03 1.166220752456217230e-02 3.614364951469826170e+00 -2.176329657458264677e-02 2.310253142364458778e+00 4.456943201464719095e+01
3.798871739252196278e+01 1.113213524735592319e+00 1.362452387805902949e-02 3.093055361863246769e-05 1.165440243295750265e-02 3.488763706624274263e+00 -8.785284932662691393e-01 1.161729163508783413e+00 4.444202612526958518e+01
3.898265467267003714e+01 6.377068407609526979e+00 -1.298510008642967117e-01 7.655892390582294017e-03 1.156776043804598128e-02 2.835933327455504749e+00 -1.782845804106716336e-01 1.293704896070000609e+00 5.169637460181169075e+01
3.943980781067619290e+01 4.739988966358758660e+00 -9.765672090330260180e-03 5.617070057258510482e-03 1.132119994562213496e-02 2.370748007395894863e+00 1.631935325715982987e-01 9.743527768238351427e-01 5.352817953293686770e+01
3.659657660141628099e+01 2.636677637211849223e+00 -3.269751333034173202e-01 9.904763584134786136e-03 1.171961746363169715e-02 1.432684835446486282e+00 1.347299570891998144e+00 1.404935967549178315e-05 4.724249943932602491e+01
3.690541700170845019e+01 2.735216037757933982e+00 2.002158826568457839e-01 7.848038300039942433e-03 1.122347223874234010e-02 2.670227119673292293e+00 5.929257823562217311e-02 2.690775783288624101e+00 4.853900746793110699e+01
3.731705014717626767e+01 9.237251574788288622e+00 5.157620603603721432e-02 9.493914162737955922e-03 1.110508941450641732e-02 1.565004994489232748e-01 1.207934798922800645e-01 1.166140255213357901e-01 4.387522158096268043e+01
3.714567346932523861e+01 5.059907325994953631e+00 -1.399368967431742494e-02 6.496094890259254337e-03 1.143263045859542471e-02 3.939918014711951244e+00 2.624190351190909265e-01 1.221171220655081768e+00 5.059146324506976811e+01
3.778343198607922915e+01 9.981255474795318605e+00 -1.056610312910097743e-01 9.996415545182685269e-03 1.128304526468219479e-02 3.433146088107744909e+00 1.385845669008612724e+00 2.136636268890031776e+00 4.568606519998343884e+01
3.700118075826502206e+01 2.719343874609607248e+00 8.134053066509867869e-02 4.677946989784827550e-03 1.128901697102907900e-02 2.400367682067032771e+00 -2.344551209132261782e-01 2.824044621666657484e+00 4.311955652720487819e+01
3.526926978123302092e+01 1.563154967448591171e+00 -7.676476974537327358e-02 5.031151332818991316e-04 1.142191720944965225e-02 2.664361396600507970e+00 1.029821322618487578e+00 1.001345267520822979e+00 5.020187244582261599e+01
3.821657159772306755e+01 4.664994927032799943e+00 1.994645072180739331e-01 7.460423689894241442e-03 1.138072626429858375e-02 3.726907918790647756e+00 2.355830880085971746e-01 1.904757885416708652e+00 4.605309971462740748e+01
3.714795286001072583e+01 1.720936089852722395e+00 -3.101514311361225906e-01 9.559401765616046612e-03 1.179078503017598999e-02 5.291576265034830584e+00 -1.174638612610251043e+00 1.205727119888563736e+00 5.023965370869375846e+01
3.850646233156972187e+01 9.367936821169816852e+00 2.904795726985341386e-01 9.982132960293862989e-03 1.150624457178531755e-02 2.356187943152482589e+00 5.521268723829511060e-01 2.091591652595866657e-01 4.850363963571881243e+01
3.938532418261351609e+01 1.000805012304170738e+00 -5.032835671794638754e-01 3.177247250589694520e-06 1.162617195207700863e-02 3.214687669088326150e+00 2.540444082998472020e-01 1.191573803342439897e+00 5.070039422223165104e+01
3.869391620211106186e+01 9.521461676743072644e+00 2.223439460471356155e-01 4.740328584440316705e-03 1.138714412884247323e-02 1.974269979667862218e+00 3.254832856764440230e-01 2.110435252509751169e+00 5.018580037672511907e+01
3.866679073720989379e+01 5.543561525659684186e+00 -3.852025101801813678e-01 9.506948601281147576e-03 1.127156833798470710e-02 4.774010043707387574e+00 -1.047171018120837793e+00 1.428074502943733171e+00 4.942396210579556026e+01
3.680926399529906945e+01 4.414987451893546577e+00 -1.538072158998289307e-01 8.469776293974020515e-03 1.165415524888732506e-02 5.198161702015612562e+00 3.164864613498230561e-01 2.109965060472832388e+00 5.596972901853424531e+01
3.677523898389588197e+01 9.855275944878238548e+00 7.819190936001421677e-02 9.979674169717924620e-03 1.160393876170784551e-02 3.173713278784677794e+00 8.802702783825444577e-02 1.448187286629689929e-01 4.548153510815357237e+01
3.691352912221829285e+01 9.897415959378884409e+00 3.799900663784406274e-01 6.757868046769728056e-03 1.124661280126411193e-02 2.338684876584989247e+00 2.145870809609253804e-01 2.395133257647867442e+00 5.723878003538217030e+01
3.789964459543575259e+01 1.484773588388884180e+00 1.696793857144317519e-01 1.644573046342053002e-04 1.143355242295638133e-02 2.756360638072126168e+00 1.155857101595698655e-01 2.218990946533522912e+00 4.511980337546199848e+01
3.596718265776557644e+01 9.000512021869461421e+00 2.015817725706333663e-01 8.781866215293011868e-03 1.189003082806347131e-02 3.555413126657809730e+00 8.697142988911634731e-01 2.210378715292773855e+00 4.227690638369355725e+01
3.685488500896617126e+01 1.870953521669268760e+00 -2.715977909498712983e-01 6.449122302673764365e-03 1.120007647872941874e-02 1.249565822583961427e+00 1.264594958415857562e+00 1.917959008128207410e+00 5.522668268602392061e+01
3.736221584138242946e+01 8.365552812425015361e+00 -1.916519240709774752e-01 9.998457016567261976e-03 1.150620491909951429e-02 4.806886431351511391e+00 -8.631616495327942840e-01 2.369673438824528855e+00 5.063024891768979785e+01
3.704692114176384621e+01 1.626503421308549413e+00 1.839314636706187445e-01 7.332408982501923030e-03 1.169478124917919422e-02 4.606810861251605438e+00 -2.634843089309368835e-01 1.671418405108019645e+00 5.869256155291302690e+01
3.760872705982142605e+01 3.149031063851789103e+00 1.643148950623908033e-01 9.407165716034776928e-03 1.146986503316221526e-02 1.596942853966122122e+00 1.292706510681302934e-01 1.458031166583232618e+00 4.418782540788296131e+01
3.830964734211551104e+01 1.071397204155486893e+00 2.867958288946024781e-01 5.966079939315810843e-06 1.148183722172473921e-02 2.379389318191793556e+00 -2.778371770743515157e-01 2.697231008721320045e+00 4.671380907034808416e+01
3.732639408210080489e+01 1.015058317275662647e+00 -1.024452359669576623e-01 3.616446223851387833e-05 1.158343503008067883e-02 3.981522407276213205e+00 4.896243411018925684e-01 1.850781217105203380e+00 5.058261566868813475e+01
3.672313018980678123e+01 4.405251249633251653e+00 -4.460859507202912799e-01 7.136283548820332272e-03 1.185299120311547952e-02 3.121053083784418813e+00 1.124092421126985375e+00 1.093653371743452674e+00 5.061668770414948426e+01
3.710147334883695436e+01 4.517494534156898389e+00 6.504815094595835234e-02 9.479647216848961430e-03 1.173484943170249525e-02 5.156695598977425021e+00 1.011125186050754188e-02 2.165868596724240369e+00 4.085595934187077205e+01
3.820069929437462974e+01 5.887043685717611829e+00 9.851571953637325296e-02 6.346211212672019791e-03 1.143223589986973668e-02 1.349174453037861987e+00 7.963206013053114596e-01 2.207228303516040047e+00 4.407186391016129789e+01
3.731205042554286422e+01 3.277599943076335620e+00 -2.136056204344148057e-01 8.366464606158844144e-03 1.160816416541344057e-02 3.915165305117897177e+00 3.455780640414372051e-01 2.194539938526559819e+00 4.973706367169584297e+01
3.807192521807816377e+01 5.563654960808064764e+00 6.540678567436579438e-02 7.532707065519362102e-03 1.141815158386293855e-02 4.910217511839316984e+00 2.700321653882822304e-01 1.783139251212457754e+00 5.212411269454343454e+01
3.796726848742967775e+01 6.945408237993614620e+00 6.065306749055700275e-02 6.391722219452762241e-03 1.157607982212148674e-02 1.715936171954065559e+00 -1.567813975155907258e-01 2.270239882662307807e+00 5.065792151489178252e+01
3.694490310977652570e+01 1.940797046256944824e+00 -2.396482281108149315e-01 2.073536319679385349e-03 1.168950990463555814e-02 1.889816481486467525e+00 9.936323879196815589e-01 4.661639647152833188e-01 5.955221991008176730e+01
3.964416558395848256e+01 5.651362855271503172e+00 2.665450968361076090e-01 7.756781228526840599e-03 1.186122752875344750e-02 1.282488872012579106e+00 -4.870185604369448029e-01 2.506286661061893017e+00 4.233541625629194272e+01
3.678696761276710703e+01 6.770342549854289516e+00 1.103989946093897057e-01 1.554950067868200898e-06 1.176583296484367235e-02 2.513784302473137000e+00 -5.390697345740171897e-01 2.724751041918631156e+00 4.783255467490786828e+01
3.664767390249257772e+01 1.024189646250889263e+00 6.440644846211894536e-03 9.044536941485480783e-06 1.121876792320563795e-02 2.712889657923732045e+00 7.455305471090944991e-01 1.983398170103700675e+00 6.151626328538213784e+01
3.796636282730329981e+01 1.048040338472203015e+00 -1.189094842957727771e-01 7.164696636816071630e-05 1.170504960438769650e-02 2.224732230075722406e+00 -5.815633194194422817e-01 2.374941114359859107e+00 5.064925016663211466e+01
3.672375441912060978e+01 9.980112007069930513e+00 3.264694481735467835e-01 9.992288349095095057e-03 1.119221311979293372e-02 2.426934769607378861e+00 3.606058038576767100e-01 1.445321887368160141e+00 4.831866575919811169e+01
3.732131631506334912e+01 6.033741973483058629e+00 5.424002748122699336e-01 4.744848921651588676e-03 1.141878980130348921e-02 4.053665583113427395e+00 -2.832269356220247225e-01 2.221683474745904885e+00 5.631582493832853231e+01
3.598250961211189747e+01 1.116117407694797947e+00 -1.215504640568602773e-01 4.543255183385229667e-05 1.141131916207112525e-02 8.196678360892248882e-01 -1.529642825851610599e+00 2.061450556150487223e+00 5.240887282827809202e+01
3.757497728483193811e+01 4.981171838601545332e+00 5.225062017850420903e-02 2.990749767482966948e-03 1.134612609354180776e-02 3.025136939766730038e+00 5.622641804712640301e-01 1.884207336218527429e+00 5.910642737020603477e+01
3.755163012903678066e+01 3.783801155745042166e+00 -1.417714403907164959e-02 1.360678885855114563e-04 1.131523973541287940e-02 4.848946093167901594e+00 -4.953656386901215125e-01 2.358625587977399185e+00 4.977355160782348520e+01
3.533730592307913554e+01 5.229658452092806442e+00 -3.149348866065144192e-01 9.999860444481664321e-03 1.182420871696930782e-02 3.901438125735802842e+00 4.003418142085082287e-01 6.506553197469006067e-01 5.759548249526611130e+01
3.729374221275347878e+01 1.030166696653406877e+00 -3.778185649271939561e-02 3.572339867142589238e-05 1.158474317941263904e-02 2.303401628790632483e+00 9.203261591817435416e-01 1.262711035857270181e+00 5.457299789334521023e+01
3.607264981507688617e+01 3.852674425653767276e+00 -1.688525405225151654e-01 1.068266672341877275e-03 1.174180211050016368e-02 4.086955828039990024e+00 -1.106070359433638073e+00 7.114325237863148299e-01 5.900916981791527149e+01
3.797714441906846616e+01 3.010012189472754063e+00 5.451341319172380295e-01 6.700884945868089415e-03 1.166986905416971844e-02 4.516627307463498830e+00 1.055317502941327312e+00 2.106663735233385015e+00 5.309505226156441182e+01
3.647392267199948890e+01 2.716625209158668230e+00 -2.623244740354324089e-01 8.686771939312554853e-05 1.192038276976262710e-02 4.634974403357700723e+00 -7.398639930125018305e-01 2.534702604383852975e+00 5.234317117798917707e+01
3.715462876723329799e+01 4.377548371666186711e+00 -1.511325496219906583e-01 4.290270974539576315e-03 1.190323628888721209e-02 2.074340148827497288e+00 1.205886819812992172e+00 1.965655753341717826e+00 4.934216872532836362e+01
3.992014642124419055e+01 9.448139113704154823e+00 -2.429727059740127149e-01 9.999382299702923305e-03 1.180510253822878754e-02 4.917553815821848140e+00 1.037295218904005445e+00 1.242609875918144091e+00 4.748706028928411627e+01
3.836613160721456239e+01 5.986235590846719745e+00 -1.828114069012148624e-01 9.993526397831848165e-03 1.187289573987173469e-02 3.682290923289366802e+00 -3.787426838371281690e-01 1.294403850037305626e+00 4.728569358292486413e+01
3.712369110339772504e+01 9.981226509949120640e+00 -2.276490166473053023e-01 9.988316971510121170e-03 1.129735937220573486e-02 3.846405983213670776e+00 4.309103607418061088e-01 1.627952079060779988e+00 4.424992044359599674e+01
3.773127812424494465e+01 1.003439854109883012e+00 2.999973954919959440e-01 2.923095543529152796e-05 1.153479683816343616e-02 3.560927961255298868e+00 -5.402497102447421096e-01 1.210066077467966794e+00 5.293596914198223402e+01
3.948480974163754098e+01 4.309653614156603751e+00 -3.013086771979456846e-01 3.660034809278788458e-03 1.128229448898379790e-02 2.521587551899560076e+00 8.313588855005957790e-01 6.282502188889925732e-01 5.441457776807526159e+01
3.597648398471246622e+01 4.517234965056417195e+00 1.372845019252736665e-01 9.463279686786897973e-03 1.150839809234626039e-02 2.853853895120832540e+00 -3.952883682824495093e-01 6.854967459582340661e-01 5.777955899407010776e+01
3.944511899814390432e+01 1.015265021843845483e+00 1.686750922526665808e-01 2.911766645977192770e-05 1.112293596633307825e-02 4.968864515485988953e+00 -1.454660144636508390e+00 2.347805583700264265e+00 4.916449826045075611e+01
3.733855104939959091e+01 5.313908877729527802e+00 8.190548067005212762e-02 7.207822370991829285e-03 1.159401858540284706e-02 3.497029223145302179e+00 -1.340503443534000416e+00 1.731940204644654147e+00 5.972596814004972288e+01
3.584709128082990048e+01 3.995901441283874700e+00 3.251827541684485512e-01 4.669837898097833548e-03 1.160765015385878916e-02 2.587743103609138728e+00 -3.047862464957358242e-01 2.193104301039309867e+00 5.590587533079790461e+01
3.561246701040708729e+01 9.764077766366375144e+00 -6.763832416578189344e-01 9.988837172473299941e-03 1.199723653341168428e-02 9.372793799883657462e-01 -8.086841437966021395e-01 1.396259036355384842e+00 4.897756297019728322e+01
3.891566723669124883e+01 5.258173909820311742e+00 -1.971031053993929083e-01 2.817565356927094391e-03 1.105715751726994885e-02 5.352345623154475263e+00 6.377609306871483419e-01 4.374784460476164316e-01 4.895667627739805994e+01
3.579756836864095249e+01 9.932487789816379475e+00 8.558263860997063210e-02 9.982918726350476640e-03 1.195145481720380140e-02 3.533941771401693188e+00 -9.887128510784787272e-01 2.748833296344737942e+00 5.686637848576062737e+01
3.502755093568783451e+01 8.194686820685484818e+00 -1.007206285604250913e-02 9.979757394448899449e-03 1.157261829276798153e-02 4.803507554560875192e+00 -3.346413426415928427e-01 2.744885980046488094e-01 4.790295371118585877e+01
3.912311156183404393e+01 1.133713195252355810e+00 -5.041432109821616381e-01 7.886449072968537699e-03 1.182541222675838333e-02 3.473673462776761811e-01 -6.963174681145261058e-01 1.186990629162510746e+00 5.152389989621379840e+01
3.859505753912293358e+01 9.987792793039202977e+00 1.529850352311517836e-01 9.999490080874634881e-03 1.133169672899476260e-02 4.965354251990865997e+00 1.105875294831675237e+00 2.182140234868872319e+00 4.299048550116243206e+01
3.765262621893241146e+01 7.616991242578159849e+00 -2.619657211303551558e-01 9.692102994695816348e-03 1.124953334141782710e-02 2.932545359988520950e+00 4.103788327208750530e-01 1.643775223455800294e+00 4.663146613124373374e+01
3.758243939103179798e+01 7.627256495873983688e+00 7.794523727745512887e-02 7.773134738815461187e-03 1.163907613258144055e-02 1.362952571550781755e+00 3.119813564814868379e-01 4.114183059303594958e-01 5.829714835311759202e+01
3.777995079025689762e+01 3.641031175820445220e+00 -5.953048280605204023e-02 3.349486367388761383e-03 1.165479054367522457e-02 3.070119433651148810e+00 -4.951061360176309822e-01 2.162135940173373072e+00 4.976592300653073409e+01
3.744224186319694780e+01 3.694851032383655198e+00 4.831058219733718739e-01 1.515810880879590438e-04 1.172355977332206409e-02 2.791546630509024407e+00 3.025149287766351058e-01 9.212154728224266620e-01 5.188095244161475250e+01
3.774518403600412597e+01 4.124812847963990059e+00 -4.692537793271905899e-01 9.867890339212000107e-05 1.148951910444342799e-02 3.104271003485580493e+00 -6.104422871842304366e-01 1.255221480852409588e+00 4.410443386238660679e+01
3.823526834603624280e+01 2.985404000137842573e+00 -2.608134354698822821e-01 3.113051112991495182e-05 1.167073981250006491e-02 3.913396698250232397e+00 4.174086255685984792e-01 1.061768465691158125e+00 4.639970246869555126e+01
3.912311039989670292e+01 5.896803838079914151e+00 -1.782861468006442796e-01 5.364688149561220448e-03 1.136745083212513906e-02 2.504886272405329795e+00 -1.040965418756108596e+00 1.189472640153984129e+00 5.212299631603041661e+01
3.794746751098210780e+01 6.851936020658865090e+00 -1.278334374846011590e-01 9.999151116029962941e-03 1.172677585421116712e-02 2.661512353036157741e+00 -1.634830143860066531e-01 1.031382048132247764e+00 4.776384345816143906e+01
3.964467990898649674e+01 7.147444678192187872e+00 3.101123632271186037e-01 9.595655305957328726e-03 1.199168911516424255e-02 2.479524885228929776e+00 -6.304850246539075442e-01 4.817103259086721323e-01 4.290477411159190524e+01
3.805494696864636239e+01 8.254994946377786746e+00 -2.919440636492928384e-02 5.497628560223496129e-03 1.144172664907713161e-02 4.070337132053019502e+00 6.369738897629577679e-01 1.975834134143808818e+00 4.675368642963664456e+01
3.757766255545667633e+01 9.262493738189142789e+00 -2.926102307790902635e-01 9.990634529373560585e-03 1.185200688691234565e-02 3.635281371581296384e+00 -8.960886664405616209e-01 2.446459644673665945e+00 5.000719429300099250e+01
3.719563158053581731e+01 5.074479085188752236e+00 -4.398283476002864401e-01 6.807721336629424073e-03 1.179166498198004100e-02 3.207059214547780535e+00 -1.534281821940266521e-01 1.588907727284764926e+00 5.383112899830069864e+01
3.720930343190475043e+01 6.334835270667839247e+00 -3.354639270663994921e-01 7.852457332114325811e-03 1.166150769096621805e-02 3.622391668180889646e+00 6.172713445207467231e-01 1.492569585826843070e+00 5.960918003500054851e+01
3.909364786561025795e+01 9.695764062844739684e+00 4.682786157385806503e-01 8.098542006754671715e-03 1.150684903957512051e-02 1.421345450075327754e+00 5.329624618282231552e-01 1.837376142274111057e+00 5.357558648430123327e+01
3.867209119907249715e+01 3.917360185609961132e+00 -5.398376632468605829e-02 1.031439934590395731e-06 1.182774232397162950e-02 1.032700210579662770e+00 2.541718731918121144e-01 6.480854997477649704e-01 4.209225773879259691e+01
3.732735442059947673e+01 2.713002516014722421e+00 3.853474184167971633e-02 8.311053419726974201e-03 1.125393861733747433e-02 2.366984846147120347e+00 -8.551638587340452125e-01 9.799181309153065511e-01 5.762234353486397254e+01
3.696914004655562991e+01 2.860629642065840361e+00 -1.453555976879661593e-01 1.791706647308942890e-03 1.131118536833826752e-02 4.066198318815976265e+00 5.368781321049720390e-01 1.081366656435586382e+00 5.413921170576512765e+01
3.852044904112590018e+01 5.405602500129122134e+00 -1.561678721745557719e-01 3.515740919140575120e-03 1.134743061695731026e-02 3.763551282364016703e+00 -1.143401539817321844e+00 1.340858366382132294e+00 4.519875285540675236e+01
3.683054066975161334e+01 4.387441409378816104e+00 -9.717283446604930985e-02 9.997925859501675949e-03 1.152925769863656462e-02 3.283195793154368047e+00 -3.245404470047597023e-01 1.744908552224782472e+00 4.946056983507958194e+01
3.819009203623037507e+01 1.150416106493743040e+00 -1.127756208726714005e-01 1.003046076520730078e-04 1.158934566716760331e-02 1.296395653082231592e+00 -7.894447067758598724e-01 1.591561664640559259e+00 5.668251946745640879e+01
3.783294082473965148e+01 3.122413330864350911e+00 -2.645412807707816505e-01 9.933592442553252494e-03 1.154019574062599245e-02 3.470727925196412489e+00 5.305858692545264432e-01 1.119660739381235004e+00 5.641865416118918120e+01
3.874839743235737188e+01 1.311874741978041436e+00 -1.056463537682642978e-01 3.630309489246330698e-04 1.151453931867633430e-02 4.424115056020261783e+00 1.139710015617058314e+00 1.831873913505760676e+00 4.258981049244511041e+01
3.751099635403336663e+01 5.236871900467476415e+00 1.603318134403380335e-01 9.051323849575054412e-03 1.175164310726838079e-02 2.526215933599466279e+00 -1.687981306978239004e-01 1.265125361380359470e+00 5.717163268322497771e+01
3.653125460465482632e+01 8.011876876577529671e+00 -2.788168168318562734e-01 5.460361008082280886e-03 1.173965096680904679e-02 2.948548933040663567e+00 -4.621552720665120795e-01 6.145526410202514223e-01 6.667718622734430767e+01
3.667800831906463088e+01 5.795028072189695401e+00 -4.422692429417444671e-01 1.416581036704184487e-03 1.144338756359594006e-02 3.930603021715902035e+00 -9.341384814127666747e-01 2.392937562179667577e+00 5.402212400770054757e+01
3.869419550915620931e+01 1.461361299217065257e+00 -1.516211923302701881e-01 4.438502520633161026e-04 1.102404453257519769e-02 3.220763455332760206e+00 -4.157145968543494163e-01 2.529276769554140269e+00 4.707030136441685642e+01
3.758269678470908559e+01 9.886732387976243430e+00 8.631883485688995883e-02 9.984892813806250239e-03 1.180830726558372568e-02 2.354582222623164967e+00 1.091336738882938917e+00 2.513626162722479407e+00 4.509285468441640177e+01
3.781453077243931915e+01 3.746008144962997388e+00 -5.706293271903426501e-01 2.230953351853027491e-04 1.171301774886232550e-02 3.931194474327353916e+00 4.652730424831874600e-02 4.330584838643679046e-01 5.563442658617774583e+01
3.800489930319623255e+01 9.922774600249592680e+00 -1.433407811250088093e-01 9.994178309959265982e-03 1.156152723083031346e-02 2.462651265975205561e+00 -7.613422063034154252e-01 2.576997211479469918e+00 4.782141193127674939e+01
3.664578201876080499e+01 7.447873349609794857e+00 -5.418845084823623037e-02 8.254782618866295454e-03 1.160393789413345991e-02 1.565295196262842747e+00 -3.496887235682457629e-01 2.222100727667177367e+00 4.967655843975850871e+01
3.810350991535248966e+01 6.985100025452593897e+00 -2.297359252887257730e-01 1.436975886546165097e-04 1.151434191646628392e-02 4.127304721132189158e+00 1.394245692021585104e+00 1.598505239337914219e+00 6.114570342019160876e+01
3.817705272805980599e+01 1.049425665071951119e+00 1.756009594126914375e-02 3.513463334399128540e-05 1.120427667350798288e-02 4.785737907376164557e+00 4.887783787772401745e-01 5.643697753813529117e-01 5.659854687763893111e+01
3.966289961840527667e+01 5.416097229066218155e+00 2.278367239216888274e-01 5.444859161890543316e-03 1.166137368277510473e-02 3.354501283440549209e+00 -1.301221627282869164e-01 1.417712134913975630e+00 4.676832497810080014e+01
3.572846722205136416e+01 6.528202609526061018e+00 9.256090010460858719e-02 7.418351892426757604e-03 1.127382814426433101e-02 2.614350196220172062e+00 -1.147183190886799098e+00 1.229878429262485584e+00 4.321295730432811411e+01
3.847476988690242905e+01 1.002423174732525846e+00 -5.972595235638682859e-02 8.264337787977843393e-06 1.136313711296708419e-02 3.832271542102492656e+00 -2.544418073957168680e-01 8.384330726985816939e-01 4.405547625864823402e+01
3.775119103191689618e+01 4.744255398602574836e+00 -7.959318128788485380e-02 9.999633051426405628e-03 1.156225760079518036e-02 2.047068400320269710e+00 -6.777784811997916714e-01 2.366087542348371375e+00 5.462153131435288600e+01
3.675637065760106026e+01 8.920461921231613189e+00 3.233030869410004615e-01 8.034029784592703130e-03 1.170337075230644917e-02 3.345828827793288163e+00 -3.482766574724653896e-01 1.839759771246319620e+00 4.357003241272172289e+01
3.556088733437049854e+01 5.778398015585687553e+00 -2.723550326010653055e-01 4.413044533826388990e-03 1.149230147480954402e-02 4.169555650357695598e+00 -3.908906380112069368e-01 1.906943072414539975e+00 5.804555338726063951e+01
3.839654814517368919e+01 1.006994401452128152e+00 1.303366123250472575e-01 2.394132626803379641e-05 1.145815046948962454e-02 1.578725238133304121e+00 7.072034117114460727e-01 1.878661404341105401e-01 5.412089977977872479e+01
3.560981210722952994e+01 8.293358060001390086e+00 -1.341685816889201521e-01 3.894968791086789780e-03 1.121052536186684795e-02 4.257548196271309315e+00 2.050357127734228069e-01 7.215543002909994286e-01 5.311167728410818256e+01
3.814322866969521186e+01 9.993759099605874496e+00 -7.409982213334156964e-02 9.999629064038428536e-03 1.112203384782630561e-02 5.465899419065839204e+00 -1.435172417545187429e-01 1.200501874599737118e+00 5.360798492548922667e+01
3.641536861768388178e+01 3.832324950029633914e+00 6.423210468964962727e-02 5.070963931343539996e-03 1.163980967665225255e-02 2.736691630408692344e+00 -4.760441876991783339e-02 1.638662047123116805e+00 4.347804516636349348e+01
3.825726431147020179e+01 9.520315204610186655e+00 -3.826317286813845642e-01 9.999372617543602487e-03 1.128986423112882456e-02 6.209121112115449925e+00 6.588078837632509455e-01 3.447585524728108419e-01 4.573705928117949782e+01
3.913173301394329684e+01 2.254580543683918581e+00 7.525629997048381703e-02 8.874431050801784987e-03 1.169269205203472481e-02 1.174059594051465982e+00 -2.450931190450182928e-01 6.213633259253908969e-01 5.366255731199616719e+01
3.722461843618102506e+01 7.121619202588902908e+00 -1.300346919166841253e-01 3.827953921462243979e-05 1.124518729325365250e-02 2.552704405912238794e+00 -4.267419086772432646e-01 1.140941539441520103e+00 5.525277362148621307e+01
3.717077080993446714e+01 1.012442745609063444e+00 -9.892797791247635864e-02 5.652171258329979718e-05 1.187590771358984151e-02 3.191910249335042860e+00 2.196163439228748793e-02 2.846008007090340408e-01 5.083524366318869170e+01
3.990743481978397966e+01 8.128457454692025408e+00 2.144806501904281959e-01 9.950630538180875104e-03 1.117665195776554495e-02 9.282352729279073067e-01 -1.151981246649253610e+00 7.923709245174279658e-01 4.752098700063315562e+01
3.608396157472362376e+01 9.465804048622185718e+00 1.684501200967048751e-01 9.996342897396473179e-03 1.192316977886818431e-02 3.490627599504639189e+00 8.201729927738137249e-01 5.932929613458090001e-01 5.579659631463358238e+01
3.732180442515948471e+01 5.540903886084758589e+00 7.719532256358652145e-02 1.493452830914439506e-04 1.166541967530018709e-02 2.504728309326985425e+00 -9.021780295266121907e-01 1.517700677143659860e+00 4.866286263701233139e+01
3.742851544292459920e+01 1.393391348892308867e+00 -1.733386006611088714e-01 3.712045781470522379e-04 1.151541452575754847e-02 4.594549536541856050e+00 -2.515893764246082132e-01 1.680342095567756155e+00 5.534736773135490751e+01
3.858455486609589258e+01 7.241573897130173521e+00 4.076959462784801036e-01 7.502499430184841889e-04 1.151120806365072725e-02 3.446251915626976636e+00 -8.265806487356572863e-01 1.651035070911812896e+00 5.700905490522879404e+01
3.720060121919737384e+01 3.242131916375910805e+00 9.599221906228164181e-02 1.112304058659270524e-03 1.144810254841360959e-02 2.038683082774359612e+00 -5.211375065238015303e-01 1.737389449913961936e+00 4.891634900854234047e+01
3.701195525545396237e+01 4.658064342260707313e+00 -7.415742277901038459e-02 8.256785967831263909e-03 1.130435780733081950e-02 2.216469008805373786e+00 -5.993243323858096216e-01 1.435068518952460792e+00 5.013469954758472369e+01
3.870809960624150392e+01 4.990201264339145126e+00 5.570050638011121713e-02 5.645306091505672072e-03 1.196303158696605286e-02 5.568959379067116799e+00 6.567596148692649294e-01 2.910851915596217143e+00 4.043791949822579568e+01
3.723028317483438343e+01 3.828139662424763223e+00 -3.078528607625823921e-01 1.435602504427104214e-04 1.114282463015320301e-02 2.440707747547915751e+00 -7.705868773442295927e-01 2.504996285650763266e+00 5.628480300523668234e+01
3.751465594450648666e+01 2.093704194353325221e+00 3.173615155611324568e-01 2.563527702042775816e-04 1.174194840464329315e-02 2.974704781044861246e+00 6.552893644062973699e-01 1.152780544702892485e+00 4.934957908249301539e+01
3.716584258377407934e+01 9.255351578079004327e+00 -1.016393008133954917e-01 9.991143066105786716e-03 1.166376715207812463e-02 4.064077803403612243e+00 5.422644635383373490e-01 1.660356358555979517e+00 5.775950851517534090e+01
3.911293272215299055e+01 1.009486527762301522e+00 6.454097605580099151e-01 4.004720115152643996e-06 1.143114506919551583e-02 5.631785112394807058e+00 7.460933023502853700e-01 1.980266070730887229e+00 5.092969746578141610e+01
3.731785846631078840e+01 2.100990364240895136e+00 -1.157230133269556011e-01 1.509773181570242193e-04 1.137408302001925199e-02 2.911100622943940675e+00 7.487082383667647001e-01 8.502055779537299740e-01 5.104682383913985433e+01
3.721670320724297909e+01 6.633464803294804035e+00 -6.293899444069275817e-02 3.239630926365101669e-03 1.140720730648162561e-02 4.533177761160054331e+00 2.267270680320576659e-01 2.165480304521280708e+00 4.790892139947627726e+01
3.896904486899483544e+01 7.643819123316332842e+00 1.490421710978428183e-01 1.808195454122803452e-03 1.173493368146328458e-02 3.479662503312837885e+00 1.130848177590443093e+00 2.547200773447122035e+00 5.276681556194038336e+01
3.645252263387471459e+01 4.328995855557293382e+00 -2.495716064289712210e-01 6.632530990743257596e-03 1.143049766468697860e-02 2.625140141691912454e+00 1.812303081241064540e-01 4.786694548896706647e-01 4.667890492345551934e+01
3.630347635338044654e+01 8.622772169119901520e+00 -2.462963139308133043e-01 7.905271069909146353e-03 1.134101149021269489e-02 1.487947194725735445e+00 5.107026319481744459e-02 2.722469316020044161e+00 4.850808349654453622e+01
3.676416670885930671e+01 1.624049704756376444e+00 2.012461512765916505e-01 2.709363041529972175e-05 1.119306363325717202e-02 1.260453642946216535e+00 -3.795058793039345346e-01 2.086191156439681116e+00 3.822243867429089903e+01
3.928568850042690741e+01 5.199260987869950057e+00 2.275085795805601441e-01 6.088604213702889650e-03 1.131225537070167618e-02 5.305889453622848251e+00 -3.141012710852018053e-01 1.470827957073528092e+00 4.482158250382288145e+01
3.867644024688629401e+01 6.549027042297403511e+00 -9.219809403765645561e-02 4.866033797302394756e-03 1.184635668965766490e-02 5.164613891546930624e+00 -2.611100425617502996e-01 6.477935817397791896e-01 5.302251355759208451e+01
3.851727786855983027e+01 1.014548614935417037e+00 -3.666356979425891560e-01 4.339582896141046112e-05 1.166163527704002292e-02 4.943351873463480928e+00 -5.395620279743773562e-01 1.864120516793386306e+00 6.455153816873156813e+01
3.715365967638948064e+01 2.875941975236124826e+00 -1.121181873052571193e-01 9.254518978312777783e-03 1.141932832825997765e-02 3.110718511787865292e+00 2.043446802042425681e-02 1.852293082813595948e+00 4.341002087035910506e+01
3.713157313335022280e+01 5.570798472839895155e+00 -1.898589093502762448e-01 6.485357446506449081e-05 1.145815970614377614e-02 3.748234128311289659e+00 3.177344580872671909e-01 6.381740227089861550e-01 6.108641575949809521e+01
3.773063868498205409e+01 6.561937854570616402e+00 -2.218865672333636130e-01 9.997183709697703147e-03 1.111383337329209173e-02 3.753933573298954940e+00 -3.876071920237453838e-01 1.161881892515871595e+00 5.229623321025889737e+01
3.610555964424595743e+01 2.995769624384216456e+00 2.351092057357010434e-01 4.806060748191425501e-03 1.137419456446013728e-02 3.980734782474490085e+00 -8.709663406291234811e-01 9.683271739597194561e-01 6.329436393170506392e+01
3.634117996989682808e+01 5.606248661391492583e+00 1.629469378464941734e-02 9.999157986708558446e-03 1.112437687365471634e-02 3.837872281507304528e+00 6.825004005268153762e-01 2.196435992708694496e+00 4.789948453922519889e+01
3.841982879367549231e+01 5.794978622775292187e+00 -2.969644732740998050e-01 9.642702521369932861e-03 1.147580968266318814e-02 4.876657191002043312e+00 5.395007319173705795e-02 6.907849219417920850e-01 4.226860166520359030e+01
3.960300258153871766e+01 2.845717069747063732e+00 1.524621948243218839e-01 3.558110104255355829e-04 1.178008433079957319e-02 6.364659174548980003e-01 1.891101435058970548e-01 1.855723306601942735e+00 4.133714207805441276e+01
3.778783958482236471e+01 5.607306403984183341e+00 -5.515722059694214835e-02 8.641840756153155957e-05 1.117660990738137544e-02 4.533062276083161812e+00 -6.541833992816536991e-01 4.122936740856184556e-01 4.998316611327087600e+01
3.755208319228629676e+01 9.637687638518508848e+00 1.569359770407478538e-01 9.971240554008446028e-03 1.128389809633907268e-02 5.574898939336997650e+00 4.092041636224508228e-01 1.913140834386950706e+00 4.952531006571373950e+01
3.735947680666467363e+01 6.098129779210470502e+00 -8.839026806726361929e-02 9.999462282120535894e-03 1.136825410867952843e-02 5.273529520763364786e+00 -7.502203484279614809e-01 5.829813552738679627e-01 5.002665259009672383e+01
3.900591531506821497e+01 4.006865015249670314e+00 1.207771611572961146e-01 3.289048419873112986e-03 1.126639443673229518e-02 2.834986061793105527e+00 5.861875292934533022e-01 1.908333805479840439e+00 4.733420833140412753e+01
3.528545085176583029e+01 1.239083005588612174e+00 -2.898738988444143350e-01 1.801152927137434408e-04 1.149540622567013677e-02 1.974797451179489682e+00 -4.527390551739771674e-01 2.253700578359028484e+00 4.696439480308259817e+01
3.800178565614127280e+01 7.794602170165854105e+00 -1.751702393961739324e-01 6.604614807608804455e-03 1.145650189914410727e-02 3.829453184379438380e+00 2.183893404895937973e-01 1.264674915599338867e+00 4.883898968707563171e+01
3.775930696201059789e+01 7.814494799371045630e+00 -4.056118276296315911e-02 9.791245905872197203e-03 1.163234395647031773e-02 4.405155032616195676e+00 -8.750754517492034257e-01 2.918244105287060908e+00 5.482536953773305299e+01
3.954117223123302693e+01 9.191942277446733200e+00 -2.748793176488602552e-01 9.982946313222659102e-03 1.197486629418159469e-02 3.515661485017608889e+00 5.795201988293503526e-01 7.182498732053747004e-01 5.258781033763651180e+01
3.967890528001107953e+01 3.795777610292874638e+00 -1.237122574865142793e-01 3.043175092835489256e-03 1.183403272894333925e-02 4.734923636637359046e+00 -1.036985662868904035e+00 4.082422503917589318e-01 5.355294205280024045e+01
3.883059175808263319e+01 3.547541506116915322e+00 -9.103588899793658984e-02 9.100206123996083807e-03 1.127050939739637596e-02 1.884680813350121831e+00 1.660617727604329907e-01 1.229462985424656818e+00 5.304430314384921274e+01
3.602648015257314995e+01 1.018941552097495151e+00 7.201296313502357493e-02 3.493026136577052280e-04 1.130299442169756946e-02 1.509904323862918396e+00 -7.042335627027759282e-01 6.379874144430244254e-01 5.166455309437370147e+01
3.931718503263414277e+01 9.996378108341035684e+00 2.613142714465977942e-02 9.998199685403604681e-03 1.143686599785049933e-02 2.778172533070458528e+00 5.471268931294583915e-01 1.733141118854763629e+00 5.214993130793740761e+01
3.815881167778024263e+01 6.143327160816146382e+00 8.038493397399851248e-02 6.148679245851924316e-05 1.149905481817243245e-02 3.326566347995730144e+00 5.764734566034883656e-01 2.360410520089333719e+00 4.453027054280960328e+01
3.971370512625511395e+01 2.923520786377367564e+00 -1.012100344604292962e-01 1.148815689002080024e-05 1.142563656839290509e-02 1.592936321453651827e+00 -4.620179181200247953e-01 7.671249913703612547e-03 4.980096131648978997e+01
3.754595085160610068e+01 5.739910701638557988e+00 -2.561299067118871786e-01 1.365306510447960751e-03 1.154166221860449502e-02 3.978466592648851385e+00 -1.181510664920945253e+00 3.099519061396859843e-01 5.837532015465762214e+01
3.562464724185520737e+01 8.347522017535048633e+00 -2.637307683871206176e-01 9.990315501500606279e-03 1.153847231789359787e-02 1.308237786056861918e+00 -3.329598305828147531e-01 8.167603781542547292e-01 5.505382980396675663e+01
3.808704172706200808e+01 1.865857403032123996e+00 2.239071237941304415e-01 1.376724967394857323e-03 1.143813744833322224e-02 7.951191385353396646e-01 5.085397126796644685e-01 6.071511914906737584e-01 4.662549420254521948e+01
3.750019819061918014e+01 6.228168120641937477e+00 3.966392266018116675e-01 8.994680621720889738e-03 1.187178751905517901e-02 2.348107983015026434e+00 1.148585530316073466e+00 7.854172894733332244e-01 5.829977364659170291e+01
3.742134649686543924e+01 9.999955762305420492e+00 5.499841829879079103e-02 9.999999359692186493e-03 1.175282351723595971e-02 1.071373571739519193e+00 1.185647284849258298e+00 2.912616893917156613e+00 6.252482846039691111e+01
3.887295153609556309e+01 5.552956741217590420e+00 1.355128904044307914e-01 8.825768442124347010e-03 1.167271770320838821e-02 4.305257617703816209e+00 1.395334355634119117e-01 1.175860339433274504e+00 5.368316230784571275e+01
3.811905709984276314e+01 8.508049991219726493e+00 1.596168807089270725e-01 5.631764533824826398e-03 1.130080185656271753e-02 3.143182617018578817e+00 -1.590404862795420371e-01 1.931992500335020457e+00 5.151120171060919262e+01
3.879535850719572210e+01 1.073057042908443393e+00 1.236705074630800039e-01 1.030992110087807710e-04 1.138307711750812315e-02 4.681749942796444408e+00 -1.465564398205054797e+00 8.891471613039345634e-01 5.216384354916547750e+01
3.734271435902386571e+01 5.185500006720099364e+00 4.555222656806875992e-02 4.877626643022113344e-03 1.132542950588595436e-02 1.768728011599151273e+00 1.040063318153994221e+00 2.151926174684392734e+00 5.376996860835253500e+01
3.879583462021185625e+01 6.572181292812181219e+00 7.330516776309867200e-02 9.134940299879316938e-03 1.173682782742018968e-02 1.503217592605658570e+00 -5.296898475474574042e-01 1.167275682865262842e+00 6.201996649339702117e+01
3.685613214088699863e+01 6.853760058346748174e+00 3.604884777874286378e-02 9.998371937573590634e-03 1.136150954374942276e-02 1.756844485200898198e+00 -2.021088583229024849e-02 9.039897689808722436e-01 5.674647132100362512e+01
3.692091139601800620e+01 8.011106653269386868e+00 -3.661488173457577711e-01 9.443969642894926506e-03 1.187050901579575664e-02 2.938106121936729043e+00 -2.702255245973206321e-01 1.410857917157672281e+00 5.195181529593909175e+01
3.703239680003624557e+01 6.428263866548060257e+00 1.050598193893336890e-01 4.782278908422404190e-03 1.124990591257502871e-02 1.936346090348735727e+00 -4.115922086708827532e-01 6.368170639961620028e-01 5.184854663166031941e+01
3.778902080873970704e+01 7.249908756109618935e+00 -6.566300799556119561e-01 9.996866182278338342e-03 1.158280473658458709e-02 1.890447069955831338e+00 -1.073924297558587204e+00 1.589769857138249920e+00 4.729127662627077200e+01
3.790262542287732828e+01 1.026165437447382756e+00 -1.829012446101288825e-01 3.915457000301201943e-05 1.135655357820550444e-02 4.965036707800507543e+00 -6.834275694645071120e-01 2.407283777924146495e+00 6.406538603386128727e+01
3.832910701576709300e+01 1.131351666051765736e+00 -2.128156042185254115e-01 1.032743638181667426e-04 1.151758157531058285e-02 7.385259748364820798e-01 4.607002369167969569e-01 2.211372412010844002e+00 4.400123556917024104e+01
3.934289969867058545e+01 3.315938820657431396e+00 -1.642852975201670174e-01 3.538590640874470124e-03 1.138852064213022840e-02 3.656771419217469621e+00 5.246417923184680809e-01 2.992977543885513736e+00 4.574372645352624289e+01
3.876671193422680517e+01 1.584338928584340112e+00 9.549831391017075954e-02 1.044165399998932145e-04 1.161207456644615214e-02 2.534584946756855750e+00 3.410897485093313808e-01 3.256480390802690139e-01 4.082639981363364967e+01
3.647145020160135687e+01 1.018631863329528375e+00 -3.195838318176369430e-01 8.270757950790300170e-06 1.167658053543975741e-02 2.739926109156300527e+00 1.148606833894350920e+00 8.008066556924589019e-01 4.334025681000681374e+01
3.954809311124220983e+01 8.658886683225322400e+00 2.671638992702338733e-01 4.916866728551488874e-03 1.163403332128793051e-02 1.477569235934370395e+00 3.218719058524768251e-01 4.854528430285966478e-01 4.873487687605619101e+01
3.947602759615903523e+01 3.018461529707889834e+00 -2.912739756805735047e-01 1.140283622864678609e-04 1.123852447081317811e-02 1.260654387672415222e+00 -4.703006990350164784e-01 1.851120064399676801e+00 5.654778984895702365e+01
3.843246046533707272e+01 3.636666690988064055e+00 -3.152393605959081802e-01 3.560264612305711880e-05 1.165437473600579484e-02 3.496475113371384502e+00 3.600815255885398969e-01 1.318292595470212270e+00 4.967492727680910747e+01
3.589317146097898359e+01 1.099523259597123825e+00 9.897018506116883607e-02 1.951361563316135852e-04 1.105668691610577938e-02 1.966749462621680822e+00 1.241182584194713723e+00 2.088802295641170925e+00 5.086385224803973415e+01
3.765364416284822369e+01 7.655522776697014642e+00 2.107712613354804365e-01 7.861053645901835280e-03 1.157968516533483712e-02 3.591074160719992747e+00 2.921247070282158020e-01 1.072534571201074982e+00 6.013860358431419684e+01
3.896806008010516820e+01 8.989292706118451548e+00 -2.909360106039741156e-01 9.980160286132569100e-03 1.135777260865175955e-02 1.024459054122859314e+00 1.199100092305322107e+00 1.151411393484735424e+00 5.253533039259663440e+01
3.828907859622206900e+01 6.899908152863732269e+00 -2.072766940565925753e-01 2.000270919046584668e-03 1.148159240982604690e-02 2.314251131291737096e+00 2.208417654907539607e-01 1.138241485721563695e+00 4.640647399381403204e+01
3.777073264784718987e+01 9.994892506303125757e+00 4.735902300620848937e-01 9.999839952954177325e-03 1.166040000231953824e-02 4.050261312415147863e+00 7.116414887343927020e-01 2.725674235952174840e+00 5.673522967247446047e+01
3.666571098535251849e+01 1.892625085816035391e+00 -3.035109765375429425e-01 9.901201260159241471e-03 1.156837688230753607e-02 3.698139941552240906e+00 3.977084182736772000e-01 1.916816687712975975e+00 5.281078130513167679e+01
3.721507412215947141e+01 6.263022069213397991e+00 1.066941853242053539e-01 9.997791762991413769e-03 1.121344421121861674e-02 3.826339314372553702e+00 -2.968016593088154131e-01 9.224804185181901817e-01 5.256826463324843246e+01
